100	PF00397	31	59696	5	0.9	0.001	1.0e-10	random	mf	700	0.9	30	0.01
53169	38220	45924	16226	48824	58551	33251	10930	22188	45786	42885	31066	27687	5357	32837	41209	29517	43315	47199	23864	31454	4696	22707	58460	17864	41555	37773	24797	57900	7632	48347	6326	37000	9627	7345	6907	19097	16533	6351	42962	45773	37314	38851	2153	38656	39657	46734	33527	11300	7508	3975	4	26668	51956	22511	59405	46007	36064	750	26770	6640	12681	17530	7058	23939	4265	57144	15273	54275	33706	32530	46190	17867	15734	57697	23095	30575	2689	27821	53994	9342	37460	30580	57947	15159	49681	36661	51513	4969	44511	31646	12615	57928	49799	23123	52161	3154	39149	55411	30038
1	1	1	1	1	1	1	1	1	1	1	1	0	1	1	1	1	1	1	1	1	1	1	1	1	1	1	1	1	1	1	6	7	8	9	10	11	12	13	14	15	16	17	17	18	19	20	21	22	23	24	25	26	27	28	29	30	31	32	33	34	35
1	1	1	1	1	1	1	1	1	1	1	1	0	1	0	1	1	1	1	1	1	1	1	1	1	1	1	1	1	1	1	6	7	8	9	10	11	12	13	14	15	16	17	17	18	18	19	20	21	22	23	24	25	26	27	28	29	30	31	32	33	34
1	1	1	1	1	1	1	1	1	1	1	1	0	1	1	1	1	1	1	1	1	1	1	1	1	1	1	1	1	1	1	5	6	7	8	9	10	11	12	13	14	15	16	16	17	18	19	20	21	22	23	24	25	26	27	28	29	30	31	32	33	34
1	1	1	1	1	1	1	1	1	1	1	1	1	1	1	1	1	1	1	1	1	1	1	1	1	1	1	1	1	1	1	6	7	8	9	10	11	12	13	14	15	16	17	18	19	20	21	22	23	24	25	26	27	28	29	30	31	32	33	34	35	36
1	1	1	1	1	1	1	1	1	1	1	1	0	1	1	1	1	1	1	1	1	1	1	1	1	1	1	1	1	1	1	6	7	8	9	10	11	12	13	14	15	16	17	17	18	19	20	21	22	23	24	25	26	27	28	29	30	31	32	33	34	35
1	1	1	1	1	1	1	1	1	1	1	1	0	1	1	1	1	1	1	1	1	1	1	1	1	1	1	1	1	1	1	5	6	7	8	9	10	11	12	13	14	15	16	16	17	18	19	20	21	22	23	24	25	26	27	28	29	30	31	32	33	34
1	1	1	1	1	1	1	1	1	1	1	1	0	1	1	1	1	1	1	1	1	1	1	1	1	1	1	1	1	1	1	6	7	8	9	10	11	12	13	14	15	16	17	17	18	19	20	21	22	23	24	25	26	27	28	29	30	31	32	33	34	35
1	1	1	1	1	1	1	1	1	1	1	1	1	1	1	1	1	1	1	1	1	1	1	1	1	1	1	1	1	1	1	6	7	8	9	10	11	12	13	14	15	16	17	18	19	20	21	22	23	24	25	26	27	28	29	30	31	32	33	34	35	36
1	1	1	1	1	1	1	1	1	1	1	1	0	1	1	1	1	1	1	1	1	1	1	1	1	1	1	1	1	1	1	6	7	8	9	10	11	12	13	14	15	16	17	17	18	19	20	21	22	23	24	25	26	27	28	29	30	31	32	33	34	35
1	1	1	1	1	1	1	1	1	1	1	1	0	1	1	1	1	1	1	1	1	1	1	1	1	1	1	1	1	1	1	6	7	8	9	10	11	12	13	14	15	16	17	17	18	19	20	21	22	23	24	25	26	27	28	29	30	31	32	33	34	35
1	1	1	1	1	1	1	1	1	1	1	1	1	1	1	1	1	1	1	1	1	1	1	1	1	1	1	1	1	1	1	6	7	8	9	10	11	12	13	14	15	16	17	18	19	20	21	22	23	24	25	26	27	28	29	30	31	32	33	34	35	36
1	1	1	1	1	1	1	1	1	1	1	1	1	1	1	1	1	1	1	1	1	1	1	1	1	1	1	1	1	1	1	6	7	8	9	10	11	12	13	14	15	16	17	18	19	20	21	22	23	24	25	26	27	28	29	30	31	32	33	34	35	36
1	1	1	1	1	1	1	1	1	1	1	1	0	1	1	1	1	1	1	1	1	1	1	1	1	1	1	1	1	1	1	6	7	8	9	10	11	12	13	14	15	16	17	17	18	19	20	21	22	23	24	25	26	27	28	29	30	31	32	33	34	35
1	1	1	1	1	1	1	1	1	1	1	1	0	1	1	1	1	1	1	1	1	1	1	1	1	1	1	1	1	1	1	6	7	8	9	10	11	12	13	14	15	16	17	17	18	19	20	21	22	23	24	25	26	27	28	29	30	31	32	33	34	35
1	1	1	1	1	1	1	1	1	1	1	1	1	1	1	1	1	1	1	1	1	1	1	1	1	1	1	1	1	1	1	6	7	8	9	10	11	12	13	14	15	16	17	18	19	20	21	22	23	24	25	26	27	28	29	30	31	32	33	34	35	36
1	1	1	1	1	1	1	1	1	1	1	1	0	1	1	1	1	1	1	1	1	1	1	1	1	1	1	1	1	1	1	6	7	8	9	10	11	12	13	14	15	16	17	17	18	19	20	21	22	23	24	25	26	27	28	29	30	31	32	33	34	35
1	1	1	1	1	1	1	1	1	1	1	1	0	1	1	1	1	1	1	1	1	1	1	1	1	1	1	1	1	1	1	6	7	8	9	10	11	12	13	14	15	16	17	17	18	19	20	21	22	23	24	25	26	27	28	29	30	31	32	33	34	35
1	1	1	1	1	1	1	1	1	1	1	1	0	1	1	1	1	1	1	1	1	1	1	1	1	1	1	1	1	1	1	6	7	8	9	10	11	12	13	14	15	16	17	17	18	19	20	21	22	23	24	25	26	27	28	29	30	31	32	33	34	35
1	1	1	1	1	1	1	1	1	1	1	1	0	1	1	1	1	1	1	1	1	1	1	1	1	1	1	1	1	1	1	6	7	8	9	10	11	12	13	14	15	16	17	17	18	19	20	21	22	23	24	25	26	27	28	29	30	31	32	33	34	35
1	1	1	1	1	1	1	1	1	1	1	1	0	1	1	1	1	1	1	1	1	1	1	1	1	1	1	1	1	1	1	6	7	8	9	10	11	12	13	14	15	16	17	17	18	19	20	21	22	23	24	25	26	27	28	29	30	31	32	33	34	35
1	1	1	1	1	1	1	1	1	1	1	1	0	1	1	1	1	1	1	1	1	1	1	1	1	1	1	1	1	1	1	6	7	8	9	10	11	12	13	14	15	16	17	17	18	19	20	21	22	23	24	25	26	27	28	29	30	31	32	33	34	35
1	1	1	1	1	1	1	1	1	1	1	1	0	1	1	1	1	1	1	1	1	1	1	1	1	1	1	1	1	1	1	6	7	8	9	10	11	12	13	14	15	16	17	17	18	19	20	21	22	23	24	25	26	27	28	29	30	31	32	33	34	35
1	1	1	1	1	1	1	1	1	1	1	1	1	1	1	1	1	1	1	1	1	1	1	1	1	1	1	1	1	1	1	6	7	8	9	10	11	12	13	14	15	16	17	18	19	20	21	22	23	24	25	26	27	28	29	30	31	32	33	34	35	36
1	1	1	1	1	1	1	1	1	1	1	1	0	1	1	1	1	1	1	1	1	1	1	1	1	1	1	1	1	1	1	5	6	7	8	9	10	11	12	13	14	15	16	16	17	18	19	20	21	22	23	24	25	26	27	28	29	30	31	32	33	34
0	1	1	1	1	1	1	1	1	1	1	1	0	1	1	1	1	1	1	1	1	1	1	1	1	1	1	1	1	1	1	0	6	7	8	9	10	11	12	13	14	15	16	16	17	18	19	20	21	22	23	24	25	26	27	28	29	30	31	32	33	34
1	1	1	1	1	1	1	1	1	1	1	1	0	1	1	1	1	1	1	1	1	1	1	1	1	1	1	1	1	1	1	6	7	8	9	10	11	12	13	14	15	16	17	17	18	19	20	21	22	23	24	25	26	27	28	29	30	31	32	33	34	35
0	1	1	1	1	1	1	1	1	1	1	1	1	1	1	1	1	1	1	1	1	1	1	1	1	1	1	1	1	1	1	0	6	7	8	9	10	11	12	13	14	15	16	17	18	19	20	21	22	23	24	25	26	27	28	29	30	31	32	33	34	35
1	1	1	1	1	1	1	1	1	1	1	1	0	1	1	1	1	1	1	1	1	1	1	1	1	1	1	1	1	1	1	6	7	8	9	10	11	12	13	14	15	16	17	17	18	19	20	21	22	23	24	25	26	27	28	29	30	31	32	33	34	35
1	1	1	1	1	1	1	1	1	1	1	1	0	1	1	1	1	1	1	1	1	1	1	1	1	1	1	1	1	1	1	6	7	8	9	10	11	12	13	14	15	16	17	17	18	19	20	21	22	23	24	25	26	27	28	29	30	31	32	33	34	35
0	1	1	1	1	1	1	1	1	1	1	1	1	1	1	1	1	1	1	1	1	1	1	1	1	1	1	1	1	1	1	0	6	7	8	9	10	11	12	13	14	15	16	17	18	19	20	21	22	23	24	25	26	27	28	29	30	31	32	33	34	35
0	1	1	1	1	1	1	1	1	1	1	1	0	1	1	1	1	1	1	1	1	1	1	1	1	1	1	1	1	1	1	0	5	6	7	8	9	10	11	12	13	14	15	15	16	17	18	19	20	21	22	23	24	25	26	27	28	29	30	31	32	33
1	1	1	1	1	1	1	1	1	1	1	1	0	1	0	1	1	1	1	1	1	1	1	1	1	1	1	1	1	1	1	6	7	8	9	10	11	12	13	14	15	16	17	17	18	18	19	20	21	22	23	24	25	26	27	28	29	30	31	32	33	34
1	1	1	1	1	1	1	1	1	1	1	1	0	1	1	1	1	1	1	1	1	1	1	1	1	1	1	1	1	1	1	6	7	8	9	10	11	12	13	14	15	16	17	17	18	19	20	21	22	23	24	25	26	27	28	29	30	31	32	33	34	35
0	1	1	1	1	1	1	1	1	1	1	1	1	1	1	1	1	1	1	1	1	1	1	1	1	1	1	1	1	1	1	0	7	8	9	10	11	12	13	14	15	16	17	18	19	20	21	22	23	24	25	26	27	28	29	30	31	32	33	34	35	36
1	1	1	1	1	1	1	1	1	1	1	1	1	1	1	1	1	1	1	1	1	1	1	1	1	1	1	1	1	1	1	6	7	8	9	10	11	12	13	14	15	16	17	18	19	20	21	22	23	24	25	26	27	28	29	30	31	32	33	34	35	36
1	1	1	1	1	1	1	1	1	1	1	1	0	1	1	1	1	1	1	1	1	1	1	1	1	1	1	1	1	1	1	6	7	8	9	10	11	12	13	14	15	16	17	17	18	19	20	21	22	23	24	25	26	27	28	29	30	31	32	33	34	35
1	1	1	1	1	1	1	1	1	1	1	1	0	1	1	1	1	1	1	1	1	1	1	1	1	1	1	1	1	1	1	6	7	8	9	10	11	12	13	14	15	16	17	17	18	19	20	21	22	23	24	25	26	27	28	29	30	31	32	33	34	35
1	1	1	1	1	1	1	1	1	1	1	1	1	1	0	1	1	1	1	1	1	1	1	1	1	1	1	1	1	1	1	6	7	8	9	10	11	12	13	14	15	16	17	18	19	19	20	21	22	23	24	25	26	27	28	29	30	31	32	33	34	35
1	1	1	1	1	1	1	1	1	1	1	1	0	1	1	1	1	1	1	1	1	1	1	1	1	1	1	1	1	1	1	5	6	7	8	9	10	11	12	13	14	15	16	16	17	18	19	20	21	22	23	24	25	26	27	28	29	30	31	32	33	34
1	1	1	1	1	1	1	1	1	1	1	1	1	1	1	1	1	1	1	1	1	1	1	1	1	1	1	1	1	1	1	6	7	8	9	10	11	12	13	14	15	16	17	18	19	20	21	22	23	24	25	26	27	28	29	30	31	32	33	34	35	36
1	1	1	1	1	1	1	1	1	1	1	1	0	1	1	1	1	1	1	1	1	1	1	1	1	1	1	1	1	1	1	6	7	8	9	10	11	12	13	14	15	16	17	17	18	19	20	21	22	23	24	25	26	27	28	29	30	31	32	33	34	35
0	1	1	1	1	1	1	1	1	1	1	1	1	1	1	1	1	1	1	1	1	1	1	1	1	1	1	1	1	1	1	0	7	7	8	9	10	11	12	13	14	15	16	17	18	19	20	21	22	23	24	25	26	27	28	29	30	31	32	33	34	35
1	1	1	1	1	1	1	1	1	1	1	1	0	1	1	1	1	1	1	1	1	1	1	1	1	1	1	1	1	1	1	6	7	8	9	10	11	12	13	14	15	16	17	17	18	19	20	21	22	23	24	25	26	27	28	29	30	31	32	33	34	35
1	1	1	1	1	1	1	1	1	1	1	1	0	1	1	1	1	1	1	1	1	1	1	1	1	1	1	1	1	1	1	6	7	8	9	10	11	12	13	14	15	16	17	17	18	19	20	21	22	23	24	25	26	27	28	29	30	31	32	33	34	35
1	1	1	1	1	1	1	1	1	1	1	1	0	1	1	1	1	1	1	1	1	1	1	1	1	1	1	1	1	1	1	6	7	8	9	10	11	12	13	14	15	16	17	17	18	19	20	21	22	23	24	25	26	27	28	29	30	31	32	33	34	35
1	1	1	1	1	1	1	1	1	1	1	1	1	1	1	1	1	1	1	1	1	1	1	1	1	1	1	1	1	1	1	6	7	8	9	10	11	12	13	14	15	16	17	18	19	20	21	22	23	24	25	26	27	28	29	30	31	32	33	34	35	36
1	1	1	1	1	1	1	1	1	1	1	1	0	1	0	1	1	1	1	1	1	1	1	1	1	1	1	1	1	1	1	6	7	8	9	10	11	12	13	14	15	16	17	17	18	18	19	20	21	22	23	24	25	26	27	28	29	30	31	32	33	34
1	1	1	1	1	1	1	1	1	1	1	1	0	1	1	1	1	1	1	1	1	1	1	1	1	1	1	1	1	1	1	6	7	8	9	10	11	12	13	14	15	16	17	17	18	19	20	21	22	23	24	25	26	27	28	29	30	31	32	33	34	35
1	1	1	1	1	1	1	1	1	1	1	1	0	1	1	1	1	1	1	1	1	1	1	1	1	1	1	1	1	1	1	6	7	8	9	10	11	12	13	14	15	16	17	17	18	19	20	21	22	23	24	25	26	27	28	29	30	31	32	33	34	35
0	1	1	1	1	1	1	1	1	1	1	1	1	1	1	1	1	1	1	1	1	1	1	1	1	1	1	1	1	1	1	0	2	3	4	5	6	7	8	9	10	11	12	13	14	15	16	17	18	19	20	21	22	23	24	25	26	27	28	29	30	31
1	1	1	1	1	1	1	1	1	1	1	1	0	1	1	1	1	1	1	1	1	1	1	1	1	1	1	1	1	1	1	6	7	8	9	10	11	12	13	14	15	16	17	17	18	19	20	21	22	23	24	25	26	27	28	29	30	31	32	33	34	35
1	1	1	1	1	1	1	1	1	1	1	1	0	1	1	1	1	1	1	1	1	1	1	1	1	1	1	1	1	1	1	6	7	8	9	10	11	12	13	14	15	16	17	17	18	19	20	21	22	23	24	25	26	27	28	29	30	31	32	33	34	35
1	1	1	1	1	1	1	1	1	1	1	1	0	1	1	1	1	1	1	1	1	1	1	1	1	1	1	1	1	1	1	6	7	8	9	10	11	12	13	14	15	16	17	17	18	19	20	21	22	23	24	25	26	27	28	29	30	31	32	33	34	35
1	1	1	1	1	1	1	1	1	1	1	1	0	1	1	1	1	1	1	1	1	1	1	1	1	1	1	1	1	1	1	6	7	8	9	10	11	12	13	14	15	16	17	17	18	19	20	21	22	23	24	25	26	27	28	29	30	31	32	33	34	35
1	1	1	1	1	1	1	1	1	1	1	1	1	1	1	1	1	1	1	1	1	1	1	1	1	1	1	1	1	1	1	6	7	8	9	10	11	11	12	13	14	15	16	17	18	19	20	21	22	23	24	25	26	27	28	29	30	31	32	33	34	35
0	1	1	1	1	1	1	1	1	1	1	1	1	1	1	1	1	1	1	1	1	1	1	1	1	1	1	1	1	1	1	0	6	7	8	9	10	11	12	13	14	15	16	17	18	19	20	21	22	23	24	25	26	27	28	29	30	31	32	33	34	35
1	1	1	1	1	1	1	1	1	1	1	1	0	1	1	1	1	1	1	1	1	1	1	1	1	1	1	1	1	1	1	6	7	8	9	10	11	12	13	14	15	16	17	17	18	19	20	21	22	23	24	25	26	27	28	29	30	31	32	33	34	35
1	1	1	1	1	1	1	1	1	1	1	1	0	1	1	1	1	1	1	1	1	1	1	1	1	1	1	1	1	1	1	6	7	8	9	10	11	12	13	14	15	16	17	17	18	19	20	21	22	23	24	25	26	27	28	29	30	31	32	33	34	35
0	1	1	1	1	1	1	1	1	1	1	1	0	1	1	1	1	1	1	1	1	1	1	1	1	1	1	1	1	1	1	0	5	6	7	8	9	10	11	12	13	14	15	15	16	17	18	19	20	21	22	23	24	25	26	27	28	29	30	31	32	33
1	1	1	1	1	1	1	1	1	1	1	1	0	1	1	1	1	1	1	1	1	1	1	1	1	1	1	1	1	1	1	6	7	8	9	10	11	12	13	14	15	16	17	17	18	19	20	21	22	23	24	25	26	27	28	29	30	31	32	33	34	35
1	1	1	1	1	1	1	1	1	1	1	1	1	1	1	1	1	1	1	1	1	1	1	1	1	1	1	1	1	1	1	6	7	8	9	10	11	12	13	14	15	16	17	18	19	20	21	22	23	24	25	26	27	28	29	30	31	32	33	34	35	36
1	1	1	1	1	1	1	1	1	1	1	1	0	1	1	1	1	1	1	1	1	1	1	1	1	1	1	1	1	1	1	6	7	8	9	10	11	12	13	14	15	16	17	17	18	19	20	21	22	23	24	25	26	27	28	29	30	31	32	33	34	35
1	1	1	1	1	1	1	1	1	1	1	1	0	1	1	1	1	1	1	1	1	1	1	1	1	1	1	1	1	1	1	6	7	8	9	10	11	12	13	14	15	16	17	17	18	19	20	21	22	23	24	25	26	27	28	29	30	31	32	33	34	35
1	1	1	1	1	1	1	1	1	1	1	1	0	1	1	1	1	1	1	1	1	1	1	1	1	1	1	1	1	1	1	6	7	8	9	10	11	12	13	14	15	16	17	17	18	19	20	21	22	23	24	25	26	27	28	29	30	31	32	33	34	35
1	1	1	1	1	1	1	1	1	1	1	1	0	1	1	1	1	1	1	1	1	1	1	1	1	1	1	1	1	1	1	6	7	8	9	10	11	12	13	14	15	16	17	17	18	19	20	21	22	23	24	25	26	27	28	29	30	31	32	33	34	35
1	1	1	1	1	1	1	1	1	1	1	1	1	1	1	1	1	1	1	1	1	1	1	1	1	1	1	1	1	1	1	6	7	8	9	10	11	12	13	14	15	16	17	18	19	20	21	22	23	24	25	26	27	28	29	30	31	32	33	34	35	36
1	1	1	1	1	1	1	1	1	1	1	1	0	1	1	1	1	1	1	1	1	1	1	1	1	1	1	1	1	1	1	6	7	8	9	10	11	12	13	14	15	16	17	17	18	19	20	21	22	23	24	25	26	27	28	29	30	31	32	33	34	35
1	1	1	1	1	1	1	1	1	1	1	1	0	1	1	1	1	1	1	1	1	1	1	1	1	1	1	1	1	1	1	6	7	8	9	10	11	12	13	14	15	16	17	17	18	19	20	21	22	23	24	25	26	27	28	29	30	31	32	33	34	35
1	1	1	1	1	1	1	1	1	1	1	1	0	1	1	1	1	1	1	1	1	1	1	1	1	1	1	1	1	1	1	6	7	8	9	10	11	12	13	14	15	16	17	17	18	19	20	21	22	23	24	25	26	27	28	29	30	31	32	33	34	35
1	1	1	1	1	1	1	1	1	1	1	1	0	1	1	1	1	1	1	1	1	1	1	1	1	1	1	1	1	1	1	6	7	8	9	10	11	12	13	14	15	16	17	17	18	19	20	21	22	23	24	25	26	27	28	29	30	31	32	33	34	35
1	1	1	1	1	1	1	1	1	1	1	1	1	1	1	1	1	1	1	1	1	1	1	1	1	1	1	1	1	1	1	6	7	8	9	10	11	12	13	14	15	16	17	18	19	20	21	22	23	24	25	26	27	28	29	30	31	32	33	34	35	36
1	1	1	1	1	1	1	1	1	1	1	1	1	1	1	1	1	1	1	1	1	1	1	1	1	1	1	1	1	1	1	1	2	3	4	5	6	7	8	9	10	11	12	13	14	15	16	17	18	19	20	21	22	23	24	25	26	27	28	29	30	31
1	1	1	1	1	1	1	1	1	1	1	1	0	1	1	1	1	1	1	1	1	1	1	1	1	1	1	1	1	1	1	6	7	8	9	10	11	12	13	14	15	16	17	17	18	19	20	21	22	23	24	25	26	27	28	29	30	31	32	33	34	35
0	1	1	1	1	1	1	1	1	1	1	1	1	1	1	1	1	1	1	1	1	1	1	1	1	1	1	1	1	1	1	0	5	6	7	8	9	10	11	12	13	14	15	16	17	18	19	20	21	22	23	24	25	26	27	28	29	30	31	32	33	34
1	1	1	1	1	1	1	1	1	1	1	1	0	1	1	1	1	1	1	1	1	1	1	1	1	1	1	1	1	1	1	6	7	8	9	10	11	12	13	14	15	16	17	17	18	19	20	21	22	23	24	25	26	27	28	29	30	31	32	33	34	35
1	1	1	1	1	0	1	1	1	1	1	1	1	1	1	1	1	1	1	1	1	1	1	1	1	1	1	1	1	1	1	6	7	8	9	10	10	11	12	13	14	15	16	17	18	19	20	21	22	23	24	25	26	27	28	29	30	31	32	33	34	35
1	1	1	1	1	1	1	1	1	1	1	1	1	1	1	1	1	1	1	1	1	1	1	1	1	1	1	1	1	1	0	4	5	6	7	8	9	10	11	12	13	14	15	16	17	18	19	20	21	22	23	24	25	26	27	28	29	30	31	32	33	39
0	1	1	1	1	1	1	1	1	1	1	1	0	1	1	1	1	1	1	1	1	1	1	1	1	1	1	1	1	1	1	0	5	6	7	8	9	10	11	12	13	14	15	15	16	17	18	19	20	21	22	23	24	25	26	27	28	29	30	31	32	33
1	1	1	1	1	1	1	1	1	1	1	1	0	1	1	1	1	1	1	1	1	1	1	1	1	1	1	1	1	1	1	5	6	7	8	9	10	11	12	13	14	15	16	16	17	18	19	20	21	22	23	24	25	26	27	28	29	30	31	32	33	34
1	1	1	1	1	1	1	1	1	1	1	1	1	1	1	1	1	1	1	1	1	1	1	1	1	1	1	1	1	1	1	6	7	8	9	10	11	12	13	14	15	16	17	18	19	20	21	22	23	24	25	26	27	28	29	30	31	32	33	34	35	36
0	1	1	1	1	1	1	1	1	1	1	1	1	1	1	1	1	1	1	1	1	1	1	1	1	1	1	1	1	1	1	0	5	6	7	8	9	10	11	12	13	14	15	16	17	18	19	20	21	22	23	24	25	26	27	28	29	30	31	32	33	34
1	1	1	1	1	1	1	1	1	1	1	1	0	1	1	1	1	1	1	1	1	1	1	1	1	1	1	1	1	1	1	4	5	6	7	8	9	10	11	12	13	14	15	15	16	17	18	19	20	21	22	23	24	25	26	27	28	29	30	31	32	33
1	1	1	1	1	1	1	1	1	1	1	1	0	1	1	1	1	1	1	1	1	1	1	1	1	1	1	1	1	1	0	6	7	8	9	10	11	12	13	14	15	16	17	17	18	19	20	21	22	23	24	25	26	27	28	29	30	31	32	33	34	40
0	1	1	1	1	1	1	1	1	1	1	1	0	1	1	1	1	1	1	1	1	1	1	1	1	1	1	1	1	1	1	0	7	8	9	10	11	12	13	14	15	16	17	17	18	19	20	21	22	23	24	25	26	27	28	29	30	31	32	33	34	35
1	1	1	1	1	1	1	1	1	1	1	1	0	1	1	1	1	1	1	1	1	1	1	1	1	1	1	1	1	1	1	6	7	8	9	10	11	12	13	14	15	16	17	17	18	19	20	21	22	23	24	25	26	27	28	29	30	31	32	33	34	35
1	1	1	1	1	1	1	1	1	1	1	1	1	1	0	1	1	1	1	1	1	1	1	1	1	1	1	1	1	1	1	6	7	8	9	10	11	12	13	14	15	16	17	18	19	19	20	21	22	23	24	25	26	27	28	29	30	31	32	33	34	35
1	1	1	1	1	1	1	1	1	1	1	1	0	1	1	1	1	1	1	1	1	1	1	1	1	1	1	1	1	1	1	5	6	7	8	9	10	11	12	13	14	15	16	16	17	18	19	20	21	22	23	24	25	26	27	28	29	30	31	32	33	34
1	1	1	1	1	1	1	1	1	1	1	1	0	1	1	1	1	1	1	1	1	1	1	1	1	1	1	1	1	1	1	5	6	7	8	9	10	11	12	13	14	15	16	16	17	18	19	20	21	22	23	24	25	26	27	28	29	30	31	32	33	34
1	1	1	1	1	1	1	1	1	1	1	1	0	1	1	1	1	1	1	1	1	1	1	1	1	1	1	1	1	1	1	6	7	8	9	10	11	12	13	14	15	16	17	17	18	19	20	21	22	23	24	25	26	27	28	29	30	31	32	33	34	35
0	0	0	0	0	0	1	1	1	1	1	1	0	1	1	1	1	1	1	1	1	1	1	1	1	1	1	1	1	1	1	0	0	0	0	0	0	1	2	3	4	5	6	6	7	8	9	10	11	12	13	14	15	16	17	18	19	20	21	22	23	24
1	1	1	1	1	1	1	1	1	1	1	1	0	1	1	1	1	1	1	1	1	1	1	1	1	1	1	1	1	1	1	6	7	8	9	10	11	12	13	14	15	16	17	17	18	19	20	21	22	23	24	25	26	27	28	29	30	31	32	33	34	35
1	1	1	1	1	0	1	1	1	1	1	1	1	1	1	1	1	1	1	1	1	1	1	1	1	1	1	1	1	1	1	6	7	8	9	10	10	11	12	13	14	15	16	17	18	19	20	21	22	23	24	25	26	27	28	29	30	31	32	33	34	35
1	1	1	1	1	1	1	1	1	1	1	1	0	1	1	1	1	1	1	1	1	1	1	1	1	1	1	1	1	1	1	6	7	8	9	10	11	12	13	14	15	16	17	17	18	19	20	21	22	23	24	25	26	27	28	29	30	31	32	33	34	35
1	1	1	1	1	1	1	1	1	1	1	1	0	1	1	1	1	1	1	1	1	1	1	1	1	1	1	1	1	1	1	6	7	8	9	10	11	12	13	14	15	16	17	17	18	19	20	21	22	23	24	25	26	27	28	29	30	31	32	33	34	35
1	1	1	1	1	1	1	1	1	1	1	1	0	1	1	1	1	1	1	1	1	1	1	1	1	1	1	1	1	1	1	6	7	8	9	10	11	12	13	14	15	16	17	17	18	19	20	21	22	23	24	25	26	27	28	29	30	31	32	33	34	35
1	1	1	1	1	1	1	1	1	1	1	1	0	1	1	1	1	1	1	1	1	1	1	1	1	1	1	1	1	1	1	5	6	7	8	9	10	11	12	13	14	15	16	16	17	18	19	20	21	22	23	24	25	26	27	28	29	30	31	32	33	34
1	1	1	1	1	1	1	1	1	1	1	1	0	1	1	1	1	1	1	1	1	1	1	1	1	1	1	1	1	1	1	6	7	8	9	10	11	12	13	14	15	16	17	17	18	19	20	21	22	23	24	25	26	27	28	29	30	31	32	33	34	35
0	1	1	1	1	1	1	1	1	1	1	1	1	1	1	1	1	1	1	1	1	1	1	1	1	1	1	1	1	1	1	0	7	8	9	10	11	12	13	14	15	16	17	18	19	20	21	22	23	24	25	26	27	28	29	30	31	32	33	34	35	36
1	1	1	1	1	1	1	1	1	1	1	1	0	1	1	1	1	1	1	1	1	1	1	1	1	1	1	1	1	1	1	6	7	8	9	10	11	12	13	14	15	16	17	17	18	19	20	21	22	23	24	25	26	27	28	29	30	31	32	33	34	35
1	1	1	1	1	1	1	1	1	1	1	1	1	1	1	1	1	1	1	1	1	1	1	1	1	1	1	1	1	1	1	6	7	8	9	10	11	12	13	14	15	16	17	18	19	20	21	22	23	24	25	26	27	28	29	30	31	32	33	34	35	36
