18171
6912
23114
10236
9630
49095
30023
42019
26726
42330
48892
43726
929
4093
30702
35041
20253
28621
52014
20542
5232
51700
56839
56516
54400
13987
59252
40837
1147
24270
7404
24897
28970
13876
30742
13549
2395
53443
41345
49552
48350
52008
36002
23929
51329
9281
29691
28346
37975
25982
28789
7281
7888
55751
3671
16265
28482
34280
51204
24032
49534
59066
28726
53173
2368
58241
53199
57580
34721
8929
35530
57069
57843
8429
39778
23507
46700
50770
58307
55350
6324
58046
34205
10573
52597
20339
34796
44012
32813
37910
43004
3889
54420
24113
16882
20643
23357
50790
38521
58072
