100	PF00684	67	100	50	0.9	0.001	1.0e-10	random	mf	700	0.9	30	0.01
1	2	3	4	5	6	7	8	9	10	11	12	13	14	15	16	17	18	19	20	21	22	23	24	25	26	27	28	29	30	31	32	33	34	35	36	37	38	39	40	41	42	43	44	45	46	47	48	49	50	51	52	53	54	55	56	57	58	59	60	61	62	63	64	65	66	67	68	69	70	71	72	73	74	75	76	77	78	79	80	81	82	83	84	85	86	87	88	89	90	91	92	93	94	95	96	97	98	99	100
1	1	1	1	1	1	1	1	1	1	1	1	1	1	1	1	1	1	1	1	1	1	1	1	1	1	1	1	1	1	0	0	1	1	1	1	1	1	1	1	1	1	1	1	1	1	1	1	1	1	1	1	1	1	1	1	1	1	1	1	1	1	1	1	1	1	1	51	52	53	54	55	56	57	58	59	60	61	63	64	65	66	67	68	69	70	71	72	73	74	75	77	78	79	80	81	82	82	82	84	85	86	87	88	89	90	91	92	93	94	95	96	97	98	99	100	101	102	103	104	105	106	107	108	109	110	111	112	113	114	115	116	117	118
1	1	1	1	1	1	1	1	1	1	1	1	1	1	1	1	1	1	1	1	1	1	1	1	1	1	1	1	1	1	1	1	1	1	1	1	1	0	0	1	1	1	1	1	1	1	1	1	1	1	1	1	1	1	0	0	1	1	1	1	1	1	1	1	1	1	1	51	52	53	54	55	56	57	58	59	60	61	62	63	65	66	67	68	69	70	71	72	73	74	75	76	77	78	79	80	81	82	83	85	86	87	88	89	89	89	90	91	92	93	94	95	96	97	98	99	100	101	102	103	104	104	104	105	106	107	108	109	110	111	112	113	114	115
1	1	1	1	1	1	1	1	1	1	1	1	1	1	1	1	1	1	1	1	1	1	1	1	1	0	0	1	1	1	1	1	1	1	1	0	0	0	0	0	1	1	1	1	1	1	1	1	1	1	1	1	1	1	0	0	1	1	1	1	1	1	1	1	1	1	1	51	52	53	54	55	56	57	58	59	60	61	62	63	65	66	67	68	69	70	71	72	73	74	75	76	76	76	77	78	79	80	81	84	85	86	86	86	86	86	86	87	88	89	90	91	92	93	94	95	96	97	98	99	100	100	100	101	102	103	104	105	106	107	108	109	110	111
1	1	1	1	1	1	1	1	1	1	1	1	1	1	1	1	1	1	1	1	1	1	1	1	1	1	1	1	1	1	1	1	1	1	1	1	1	0	0	1	1	1	1	1	1	1	1	1	1	1	1	1	1	1	0	0	1	1	1	1	1	1	1	1	1	1	1	51	52	53	54	55	56	57	58	59	60	61	62	63	65	66	67	68	69	70	71	72	73	74	75	76	77	78	79	80	81	82	83	85	86	87	88	89	89	89	90	91	92	93	94	95	96	97	98	99	100	101	102	103	104	104	104	105	106	107	108	109	110	111	112	113	114	115
1	1	1	1	1	1	1	1	1	1	1	1	1	1	1	1	1	1	1	1	1	1	1	1	1	1	1	1	1	1	0	1	1	1	1	0	0	0	0	0	1	1	1	1	1	1	1	1	1	1	1	1	1	1	0	0	1	1	1	1	1	1	1	1	1	1	1	51	52	53	54	55	56	57	58	59	60	61	62	63	65	66	67	68	69	70	71	72	73	74	75	76	77	78	79	80	81	81	82	84	85	86	86	86	86	86	86	87	88	89	90	91	92	93	94	95	96	97	98	99	100	100	100	101	102	103	104	105	106	107	108	109	110	111
1	1	1	1	1	1	1	1	1	1	1	1	1	1	1	1	1	1	1	1	1	1	1	1	1	1	1	1	1	1	1	1	1	1	1	0	0	0	0	0	1	1	1	1	1	1	1	1	1	1	1	1	1	1	0	0	1	1	1	1	1	1	1	1	1	1	1	51	52	53	54	55	56	57	58	59	60	61	62	63	65	66	67	68	69	70	71	72	73	74	75	77	78	79	80	81	82	83	84	86	87	88	88	88	88	88	88	89	90	91	92	93	94	95	96	97	98	99	100	101	102	102	102	103	104	105	106	107	108	109	110	111	112	113
1	1	1	1	1	1	1	1	1	1	1	1	1	1	1	1	1	1	1	1	1	1	1	1	1	1	1	1	1	1	0	1	1	1	1	0	0	0	0	0	1	1	1	1	1	1	1	1	1	1	1	1	1	1	0	0	1	1	1	1	1	1	1	1	1	1	1	51	52	53	54	55	56	57	58	59	60	61	62	63	65	66	67	68	69	70	71	72	73	74	75	76	77	78	79	80	81	81	82	84	85	86	86	86	86	86	86	87	88	89	90	91	92	93	94	95	96	97	98	99	100	100	100	101	102	103	104	105	106	107	108	109	110	111
1	1	1	1	1	1	1	1	1	1	1	1	1	1	1	1	1	1	1	1	1	1	1	1	1	1	1	1	1	1	1	1	1	1	1	1	1	0	0	1	1	1	1	1	1	1	1	1	1	1	1	1	1	1	0	0	1	1	1	1	1	1	1	1	1	1	1	51	52	53	54	55	56	57	58	59	60	61	62	63	65	66	67	68	69	70	71	72	73	74	75	76	77	78	79	80	81	82	83	85	86	87	88	89	89	89	90	91	92	93	94	95	96	97	98	99	100	101	102	103	104	104	104	105	106	107	108	109	110	111	112	113	114	115
1	1	1	1	1	1	1	1	1	1	1	1	1	1	1	1	1	1	1	1	1	1	1	1	1	1	1	1	1	1	1	1	1	1	1	1	1	0	0	1	1	1	1	1	1	1	1	1	1	1	1	1	1	1	0	0	1	1	1	1	1	1	1	1	1	1	1	51	52	53	54	55	56	57	58	59	60	61	62	63	65	66	67	68	69	70	71	72	73	74	75	76	77	78	79	80	81	82	83	85	86	87	88	89	89	89	90	91	92	93	94	95	96	97	98	99	100	101	102	103	104	104	104	105	106	107	108	109	110	111	112	113	114	115
1	1	1	1	1	1	1	1	1	1	1	1	1	1	1	1	1	1	1	1	1	1	1	1	1	1	1	1	1	1	1	0	1	1	1	1	1	1	1	1	1	1	1	1	1	1	1	1	1	1	1	1	1	1	0	0	1	1	1	1	1	1	1	1	1	1	0	51	52	53	54	55	56	57	58	59	60	61	62	63	64	65	66	67	68	69	70	71	72	73	74	75	76	77	78	79	80	81	81	82	83	84	86	87	88	89	90	91	92	93	94	95	96	97	98	99	100	101	102	103	104	104	104	105	106	107	108	109	110	111	112	113	114	166
1	1	1	1	1	1	1	1	1	1	1	1	1	1	1	1	1	1	1	1	1	1	1	1	1	1	1	1	1	1	0	1	1	1	1	0	0	0	0	0	1	1	1	1	1	1	1	1	1	1	1	1	1	1	0	0	1	1	1	1	1	1	1	1	1	1	1	51	52	53	54	55	56	57	58	59	60	61	62	63	65	66	67	68	69	70	71	72	73	74	75	76	77	78	79	80	81	81	82	84	85	86	86	86	86	86	86	87	88	89	90	91	92	93	94	95	96	97	98	99	100	100	100	101	102	103	104	105	106	107	108	109	110	111
1	1	1	1	1	1	1	1	1	1	1	1	1	1	1	1	1	1	1	1	1	1	1	1	1	1	1	1	1	1	1	1	1	1	1	1	1	0	0	1	1	1	1	1	1	1	1	1	1	1	1	1	1	1	0	0	1	1	1	1	1	1	1	1	1	1	1	51	52	53	54	55	56	57	58	59	60	61	63	64	65	66	67	68	69	70	71	72	73	74	75	76	77	78	79	80	81	82	83	85	86	87	88	89	89	89	90	91	92	93	94	95	96	97	98	99	100	101	102	103	104	104	104	105	106	107	108	109	110	111	112	113	114	115
1	1	1	1	1	1	1	1	1	1	1	1	1	1	1	1	1	1	1	1	1	1	1	1	1	1	1	1	1	1	1	1	1	1	1	1	1	0	0	1	1	1	1	1	1	1	1	1	1	1	1	1	1	1	0	0	1	1	1	1	1	1	1	1	1	1	1	51	52	53	54	55	56	57	58	59	60	61	62	63	65	66	67	68	69	70	71	72	73	74	75	76	77	78	79	80	81	82	83	85	86	87	88	89	89	89	90	91	92	93	94	95	96	97	98	99	100	101	102	103	104	104	104	105	106	107	108	109	110	111	112	113	114	115
1	1	1	1	1	1	1	1	1	1	1	1	1	1	1	1	1	1	1	1	1	1	1	1	0	1	1	1	1	1	1	1	1	0	0	1	1	1	1	0	0	1	1	1	1	1	1	1	1	1	1	1	1	1	1	1	1	1	1	1	1	1	1	1	1	1	1	51	52	53	54	55	56	57	58	59	60	61	62	63	65	66	67	68	69	70	71	72	73	74	75	75	76	77	78	79	80	81	82	84	84	84	85	86	87	88	88	88	89	90	91	92	93	94	95	96	97	98	99	100	101	102	103	104	105	106	107	108	109	110	111	112	113	114
1	1	1	1	1	1	1	1	1	1	1	1	1	1	1	1	1	1	1	1	1	1	1	1	1	1	1	1	1	1	1	1	1	1	1	1	1	0	0	1	1	1	1	1	1	1	1	1	1	1	1	1	1	1	0	0	1	1	1	1	1	1	1	1	1	1	1	51	52	53	54	55	56	57	58	59	60	61	62	63	65	66	67	68	69	70	71	72	73	74	75	76	77	78	79	80	81	82	83	85	86	87	88	89	89	89	90	91	92	93	94	95	96	97	98	99	100	101	102	103	104	104	104	105	106	107	108	109	110	111	112	113	114	115
1	1	1	1	1	1	1	1	1	1	1	1	1	1	1	1	1	1	1	1	1	1	1	1	1	1	1	1	1	1	0	1	1	1	1	0	0	0	0	0	1	1	1	1	1	1	1	1	1	1	1	1	1	1	0	0	1	1	1	1	1	1	1	1	1	1	1	51	52	53	54	55	56	57	58	59	60	61	62	63	65	66	67	68	69	70	71	72	73	74	75	76	77	78	79	80	81	81	82	84	85	86	86	86	86	86	86	87	88	89	90	91	92	93	94	95	96	97	98	99	100	100	100	101	102	103	104	105	106	107	108	109	110	111
1	1	1	1	1	1	1	1	1	1	1	1	1	1	1	1	1	1	1	1	1	1	1	1	1	1	1	1	1	1	1	1	1	1	1	1	1	0	0	1	1	1	1	1	1	1	1	1	1	1	1	1	1	1	0	0	1	1	1	1	1	1	1	1	1	1	1	51	52	53	54	55	56	57	58	59	60	61	62	63	65	66	67	68	69	70	71	72	73	74	75	76	77	78	79	80	81	82	83	85	86	87	88	89	89	89	90	91	92	93	94	95	96	97	98	99	100	101	102	103	104	104	104	105	106	107	108	109	110	111	112	113	114	115
1	1	1	1	1	1	1	1	1	1	1	1	1	1	1	1	1	1	1	1	1	1	1	1	1	1	1	1	1	1	0	0	1	1	1	1	1	1	1	1	1	1	1	1	1	1	1	1	1	1	1	1	1	1	1	1	1	1	1	1	1	1	1	1	1	1	1	51	52	53	54	55	56	57	58	59	60	61	63	64	65	66	67	68	69	70	71	72	73	74	75	77	78	79	80	81	82	82	82	83	84	85	87	88	89	90	91	92	93	94	95	96	97	98	99	100	101	102	103	104	105	106	107	108	109	110	111	112	113	114	115	116	117	118
1	1	1	1	1	1	1	1	1	1	1	1	1	1	1	1	1	1	1	1	1	1	1	1	1	1	1	1	1	1	1	1	1	1	1	1	1	0	0	1	1	1	1	1	1	1	1	1	1	1	1	1	1	1	0	0	1	1	1	1	1	1	1	1	1	1	1	51	52	53	54	55	56	57	58	59	60	61	62	63	65	66	67	68	69	70	71	72	73	74	75	76	77	78	79	80	81	82	83	85	86	87	88	89	89	89	90	91	92	93	94	95	96	97	98	99	100	101	102	103	104	104	104	105	106	107	108	109	110	111	112	113	114	115
1	1	1	1	1	1	1	1	1	1	1	1	1	1	1	1	1	1	1	1	1	1	1	1	1	1	1	1	1	1	0	1	1	1	1	0	0	0	0	0	1	1	1	1	1	1	1	1	1	1	1	1	1	1	0	0	1	1	1	1	1	1	1	1	1	1	1	51	52	53	54	55	56	57	58	59	60	61	62	63	65	66	67	68	69	70	71	72	73	74	75	76	77	78	79	80	81	81	82	84	85	86	86	86	86	86	86	87	88	89	90	91	92	93	94	95	96	97	98	99	100	100	100	101	102	103	104	105	106	107	108	109	110	111
1	1	1	1	1	1	1	1	1	1	1	1	1	1	1	1	1	1	1	1	1	1	1	1	1	1	1	1	1	1	0	1	1	1	1	0	0	0	0	0	1	1	1	1	1	1	1	1	1	1	1	1	1	1	0	0	1	1	1	1	1	1	1	1	1	1	1	51	52	53	54	55	56	57	58	59	60	61	62	63	65	66	67	68	69	70	71	72	73	74	75	76	77	78	79	80	81	81	82	84	85	86	86	86	86	86	86	87	88	89	90	91	92	93	94	95	96	97	98	99	100	100	100	101	102	103	104	105	106	107	108	109	110	111
1	1	1	1	1	1	1	1	1	1	1	1	1	1	1	1	1	1	1	1	1	1	1	1	1	1	1	1	1	1	1	1	1	1	1	1	1	0	0	1	1	1	1	1	1	1	1	1	1	1	1	1	1	1	0	0	1	1	1	1	1	1	1	1	1	1	1	51	52	53	54	55	56	57	58	59	60	61	62	63	65	66	67	68	69	70	71	72	73	74	75	76	77	78	79	80	81	82	83	85	86	87	88	89	89	89	90	91	92	93	94	95	96	97	98	99	100	101	102	103	104	104	104	105	106	107	108	109	110	111	112	113	114	115
1	1	1	1	1	1	1	1	1	1	1	1	1	1	1	1	1	1	1	1	1	1	1	1	1	0	0	1	1	1	1	1	1	1	1	0	0	0	0	0	1	1	1	1	1	1	1	1	1	1	1	1	1	1	0	0	1	1	1	1	1	1	1	1	1	1	1	51	52	53	54	55	56	57	58	59	60	61	62	63	65	66	67	68	69	70	71	72	73	74	75	76	76	76	77	78	79	80	81	84	85	86	86	86	86	86	86	87	88	89	90	91	92	93	94	95	96	97	98	99	100	100	100	101	102	103	104	105	106	107	108	109	110	111
1	1	1	1	1	1	1	1	1	1	1	1	1	1	1	1	1	1	1	1	1	1	1	1	1	1	1	1	1	1	0	1	1	1	1	0	0	0	0	0	1	1	1	1	1	1	1	1	1	1	1	1	1	1	0	0	1	1	1	1	1	1	1	1	1	1	1	51	52	53	54	55	56	57	58	59	60	61	62	63	65	66	67	68	69	70	71	72	73	74	75	76	77	78	79	80	81	81	82	84	85	86	86	86	86	86	86	87	88	89	90	91	92	93	94	95	96	97	98	99	100	100	100	101	102	103	104	105	106	107	108	109	110	111
1	1	1	1	1	1	1	1	1	1	1	1	1	1	1	1	1	1	1	1	1	1	1	1	0	1	1	1	1	1	1	1	1	0	0	1	1	1	1	0	0	1	1	1	1	1	1	1	1	1	1	1	1	1	1	1	1	1	1	1	1	1	1	1	1	1	1	51	52	53	54	55	56	57	58	59	60	61	62	63	65	66	67	68	69	70	71	72	73	74	75	75	76	77	78	79	80	81	82	83	83	83	84	85	86	87	87	87	88	89	90	91	92	93	94	95	96	97	98	99	100	101	102	103	104	105	106	107	108	109	110	111	112	113
1	1	1	1	1	1	1	1	1	1	1	1	1	1	1	1	1	1	1	1	1	1	1	1	1	1	1	1	1	1	0	1	1	1	1	0	0	0	0	0	1	1	1	1	1	1	1	1	1	1	1	1	1	1	0	0	1	1	1	1	1	1	1	1	1	1	1	51	52	53	54	55	56	57	58	59	60	61	62	63	65	66	67	68	69	70	71	72	73	74	75	76	77	78	79	80	81	81	82	84	85	86	86	86	86	86	86	87	88	89	90	91	92	93	94	95	96	97	98	99	100	100	100	101	102	103	104	105	106	107	108	109	110	111
1	1	1	1	1	1	1	1	1	1	1	0	0	1	1	1	1	1	1	1	1	1	1	1	1	1	1	1	1	1	0	0	1	1	1	1	1	1	1	1	1	1	1	1	1	1	1	1	1	1	1	1	1	1	1	1	1	1	1	1	1	1	1	1	1	1	1	51	52	53	54	55	56	57	58	59	60	61	61	61	62	63	64	65	66	67	68	69	70	71	72	74	75	76	77	78	79	79	79	80	81	82	83	84	85	86	87	88	89	90	91	92	93	94	95	96	97	98	99	100	101	102	103	104	105	106	107	108	109	110	111	112	113	114
1	1	1	1	1	1	1	1	1	1	1	1	1	1	1	1	1	1	1	1	1	1	1	1	1	1	1	1	1	1	0	0	1	1	1	1	1	1	1	1	1	1	1	1	1	1	1	1	1	1	1	1	1	1	1	1	1	1	1	1	1	1	1	1	1	1	1	51	52	53	54	55	56	57	58	59	60	61	62	63	64	65	66	67	68	69	70	71	72	73	74	76	77	78	79	80	81	81	81	82	83	84	85	86	87	88	89	90	91	92	93	94	95	96	97	98	99	100	101	102	103	104	105	106	107	108	109	110	111	112	113	114	115	116
1	1	1	1	1	1	1	1	1	1	1	1	1	1	1	1	1	1	1	1	1	1	1	1	1	1	1	1	1	1	1	1	1	1	1	1	1	0	0	1	1	1	1	1	1	1	1	1	1	1	1	1	1	1	0	0	1	1	1	1	1	1	1	1	1	1	1	51	52	53	54	55	56	57	58	59	60	61	62	63	64	65	66	67	68	69	70	71	72	73	74	75	76	77	78	79	80	81	82	84	85	86	87	88	88	88	89	90	91	92	93	94	95	96	97	98	99	100	101	102	103	103	103	104	105	106	107	108	109	110	111	112	113	114
1	1	1	1	1	1	1	1	1	1	1	1	1	1	1	1	1	1	1	1	1	1	1	1	1	1	1	1	1	1	0	1	1	1	1	0	0	0	0	0	1	1	1	1	1	1	1	1	1	1	1	1	1	1	0	0	1	1	1	1	1	1	1	1	1	1	1	51	52	53	54	55	56	57	58	59	60	61	62	63	66	67	68	69	70	71	72	73	74	75	76	77	78	79	80	81	82	82	83	85	86	87	87	87	87	87	87	88	89	90	91	92	93	94	95	96	97	98	99	100	101	101	101	102	103	104	105	106	107	108	109	110	111	112
1	1	1	1	1	1	1	1	1	1	1	1	1	1	1	1	1	1	1	1	1	1	1	1	1	1	1	1	1	1	0	1	1	1	1	0	0	0	0	0	1	1	1	1	1	1	1	1	1	1	1	1	1	1	0	0	1	1	1	1	1	1	1	1	1	1	1	51	52	53	54	55	56	57	58	59	60	61	62	63	66	67	68	69	70	71	72	73	74	75	76	77	78	79	80	81	82	82	83	85	86	87	87	87	87	87	87	88	89	90	91	92	93	94	95	96	97	98	99	100	101	101	101	102	103	104	105	106	107	108	109	110	111	112
1	1	1	1	1	1	1	1	1	1	1	1	1	1	1	1	1	1	1	1	1	1	1	1	1	1	1	1	1	1	0	1	1	1	1	0	0	0	0	0	1	1	1	1	1	1	1	1	1	1	1	1	1	1	0	0	1	1	1	1	1	1	1	1	1	1	1	51	52	53	54	55	56	57	58	59	60	61	62	63	65	66	67	68	69	70	71	72	73	74	75	76	77	78	79	80	81	81	82	84	85	86	86	86	86	86	86	87	88	89	90	91	92	93	94	95	96	97	98	99	100	100	100	101	102	103	104	105	106	107	108	109	110	111
1	1	1	1	1	1	1	1	1	1	1	1	1	1	1	1	1	1	1	1	1	1	1	1	1	1	1	1	1	1	0	1	1	1	1	0	0	0	0	0	1	1	1	1	1	1	1	1	1	1	1	1	1	1	0	0	1	1	1	1	1	1	1	1	1	1	1	51	52	53	54	55	56	57	58	59	60	61	62	63	65	66	67	68	69	70	71	72	73	74	75	76	77	78	79	80	81	81	82	84	85	86	86	86	86	86	86	87	88	89	90	91	92	93	94	95	96	97	98	99	100	100	100	101	102	103	104	105	106	107	108	109	110	111
1	1	1	1	1	1	1	1	1	1	1	1	1	1	1	1	1	1	1	1	1	1	1	1	1	1	1	1	1	1	1	1	1	1	1	0	0	0	0	0	1	1	1	1	1	1	1	1	1	1	1	1	1	1	0	0	1	1	1	1	1	1	1	1	1	1	1	51	52	53	54	55	56	57	58	59	60	61	62	63	64	65	66	67	68	69	70	71	72	73	74	75	76	77	78	79	80	81	82	84	85	86	86	86	86	86	86	87	88	89	90	91	92	93	94	95	96	97	98	99	100	100	100	101	102	103	104	105	106	107	108	109	110	111
1	1	1	1	1	1	1	1	1	1	1	1	1	1	1	1	1	1	1	1	1	1	1	1	1	1	1	1	1	1	1	1	1	1	1	1	1	0	0	1	1	1	1	1	1	1	1	1	1	1	1	1	0	1	0	0	1	1	1	1	1	1	1	1	1	1	1	51	52	53	54	55	56	57	58	59	60	61	62	63	65	66	67	68	69	70	71	72	73	74	75	76	77	78	79	80	81	82	83	85	86	87	88	89	89	89	90	91	92	93	94	95	96	97	98	99	100	101	102	102	103	103	103	104	105	106	107	108	109	110	111	112	113	114
1	1	1	1	1	1	1	1	1	1	1	1	1	1	1	1	1	1	1	1	1	1	1	1	1	1	1	1	1	1	1	1	1	1	1	1	1	0	0	1	1	1	1	1	1	1	1	1	1	1	1	1	1	1	0	0	1	1	1	1	1	1	1	1	1	1	1	51	52	53	54	55	56	57	58	59	60	61	62	63	65	66	67	68	69	70	71	72	73	74	75	76	77	78	79	80	81	82	83	85	86	87	88	89	89	89	90	91	92	93	94	95	96	97	98	99	100	101	102	103	104	104	104	105	106	107	108	109	110	111	112	113	114	115
1	1	1	1	1	1	1	1	1	1	1	1	1	1	1	1	1	1	1	1	1	1	1	1	1	1	1	1	1	1	0	0	1	1	1	1	1	1	1	1	1	1	1	1	1	1	1	1	1	1	1	1	1	1	1	1	1	1	1	1	1	1	1	1	1	1	1	51	52	53	54	55	56	57	58	59	60	61	63	64	65	66	67	68	69	70	71	72	73	74	75	77	78	79	80	81	82	82	82	83	84	85	86	87	88	89	90	91	92	93	94	95	96	97	98	99	100	101	102	103	104	105	106	107	108	109	110	111	112	113	114	115	116	117
1	1	1	1	1	1	1	1	1	1	1	1	1	1	1	1	1	1	1	1	1	1	1	1	1	1	1	1	1	1	0	1	1	1	1	0	0	0	0	0	1	1	1	1	1	1	1	1	1	1	1	1	1	1	0	0	1	1	1	1	1	1	1	1	1	1	1	51	52	53	54	55	56	57	58	59	60	61	62	63	66	67	68	69	70	71	72	73	74	75	76	77	78	79	80	81	82	82	83	85	86	87	87	87	87	87	87	88	89	90	91	92	93	94	95	96	97	98	99	100	101	101	101	102	103	104	105	106	107	108	109	110	111	112
1	1	1	1	1	1	1	1	1	1	1	1	1	1	1	1	1	1	1	1	1	1	1	1	1	1	1	1	1	1	1	1	1	1	1	1	1	0	0	1	1	1	1	1	1	1	1	1	1	1	1	1	1	1	0	0	1	1	1	1	1	1	1	1	1	1	1	51	52	53	54	55	56	57	58	59	60	61	62	63	65	66	67	68	69	70	71	72	73	74	75	76	77	78	79	80	81	82	83	85	86	87	88	89	89	89	90	91	92	93	94	95	96	97	98	99	100	101	102	103	104	104	104	105	106	107	108	109	110	111	112	113	114	115
1	1	1	1	1	1	1	1	1	1	1	1	1	1	1	1	1	1	1	1	1	1	1	1	1	1	1	1	1	1	1	1	1	1	1	1	1	0	0	1	1	1	1	1	1	1	1	1	1	1	1	1	1	1	0	0	1	1	1	1	1	1	1	1	1	1	1	51	52	53	54	55	56	57	58	59	60	61	62	63	65	66	67	68	69	70	71	72	73	74	75	76	77	78	79	80	81	82	83	85	86	87	88	89	89	89	90	91	92	93	94	95	96	97	98	99	100	101	102	103	104	104	104	105	106	107	108	109	110	111	112	113	114	115
1	1	1	1	1	1	1	1	1	1	1	1	1	1	1	1	1	1	1	1	1	1	1	1	1	1	1	1	1	1	1	1	1	1	1	1	1	0	0	1	1	1	1	1	1	1	1	1	1	1	1	1	1	1	0	0	1	1	1	1	1	1	1	1	1	1	0	51	52	53	54	55	56	57	58	59	60	61	62	63	65	66	67	68	69	70	71	72	73	74	75	76	77	78	79	80	81	82	83	85	86	87	88	89	89	89	90	91	92	93	94	95	96	97	98	99	100	101	102	103	104	104	104	105	106	107	108	109	110	111	112	113	114	166
1	1	1	1	1	1	1	1	1	1	1	1	1	1	1	1	1	1	1	1	1	1	1	1	1	1	1	1	1	1	1	1	1	1	1	1	1	0	0	1	1	1	1	1	1	1	1	1	1	1	1	1	1	1	0	0	1	1	1	1	1	1	1	1	1	1	1	51	52	53	54	55	56	57	58	59	60	61	62	63	65	66	67	68	69	70	71	72	73	74	75	76	77	78	79	80	81	82	83	85	86	87	88	89	89	89	90	91	92	93	94	95	96	97	98	99	100	101	102	103	104	104	104	105	106	107	108	109	110	111	112	113	114	115
1	1	1	1	1	1	1	1	1	1	1	1	1	1	1	1	1	1	1	1	1	1	1	1	1	1	1	1	1	1	1	1	1	1	1	1	1	0	0	1	1	1	1	1	1	1	1	1	1	1	1	1	1	1	0	0	1	1	1	1	1	1	1	1	1	1	1	51	52	53	54	55	56	57	58	59	60	61	62	63	65	66	67	68	69	70	71	72	73	74	75	76	77	78	79	80	81	82	83	85	86	87	88	89	89	89	90	91	92	93	94	95	96	97	98	99	100	101	102	103	104	104	104	105	106	107	108	109	110	111	112	113	114	115
1	1	1	1	1	1	1	1	1	1	1	1	1	1	1	1	1	1	1	1	1	1	1	1	1	1	1	1	1	1	0	0	1	1	1	1	1	1	1	1	1	1	1	1	1	1	1	1	1	1	1	1	1	1	1	1	1	1	1	1	1	1	1	1	1	1	1	51	52	53	54	55	56	57	58	59	60	61	62	63	64	65	66	67	68	69	70	71	72	73	74	76	77	78	79	80	81	81	81	82	83	84	85	86	87	88	89	90	91	92	93	94	95	96	97	98	99	100	101	102	103	104	105	106	107	108	109	110	111	112	113	114	115	116
1	1	1	1	1	1	1	1	1	1	1	1	1	1	1	1	1	1	1	1	1	1	1	1	1	1	1	1	1	1	1	1	1	1	1	1	1	0	0	1	1	1	1	1	1	1	1	1	1	1	1	1	1	1	0	0	1	1	1	1	1	1	1	1	1	1	1	51	52	53	54	55	56	57	58	59	60	61	62	63	65	66	67	68	69	70	71	72	73	74	75	76	77	78	79	80	81	82	83	85	86	87	88	89	89	89	90	91	92	93	94	95	96	97	98	99	100	101	102	103	104	104	104	105	106	107	108	109	110	111	112	113	114	115
1	1	1	1	1	1	1	1	1	1	1	1	1	1	1	1	1	1	1	1	1	1	1	1	1	1	1	1	1	1	0	1	1	1	1	0	0	0	0	0	1	1	1	1	1	1	1	1	1	1	1	1	1	1	0	0	1	1	1	1	1	1	1	1	1	1	1	51	52	53	54	55	56	57	58	59	60	61	62	63	65	66	67	68	69	70	71	72	73	74	75	76	77	78	79	80	81	81	82	84	85	86	86	86	86	86	86	87	88	89	90	91	92	93	94	95	96	97	98	99	100	100	100	101	102	103	104	105	106	107	108	109	110	111
1	1	1	1	1	1	1	1	1	1	1	1	1	1	1	1	1	1	1	1	1	1	1	1	1	1	1	1	1	1	1	1	1	1	1	1	1	0	0	1	1	1	1	1	1	1	1	1	1	1	1	1	1	1	0	0	1	1	1	1	1	1	1	1	1	1	1	51	52	53	54	55	56	57	58	59	60	61	62	63	65	66	67	68	69	70	71	72	73	74	75	76	77	78	79	80	81	82	83	85	86	87	88	89	89	89	90	91	92	93	94	95	96	97	98	99	100	101	102	103	104	104	104	105	106	107	108	109	110	111	112	113	114	115
1	1	1	1	1	1	1	1	1	0	0	1	1	1	1	0	1	1	1	1	1	1	1	1	0	0	0	0	0	0	0	1	1	1	1	0	1	1	1	0	0	1	1	1	1	1	1	1	1	1	1	1	1	1	1	1	1	0	0	1	1	1	1	1	1	1	1	51	52	53	54	55	56	57	58	61	61	61	63	64	66	67	67	68	69	70	71	72	73	74	75	75	75	75	75	75	75	75	76	78	79	80	80	81	82	83	83	83	84	85	86	87	88	89	90	91	92	93	94	95	96	97	98	99	99	99	100	101	102	103	104	105	106	107
1	1	1	1	1	1	1	1	1	1	1	1	1	1	1	1	1	1	1	1	1	1	1	1	1	1	1	1	1	1	0	0	1	1	1	1	1	1	1	1	1	1	1	1	1	1	1	1	1	1	1	1	1	1	1	1	1	1	1	1	1	1	1	1	1	1	1	51	52	53	54	55	56	57	58	59	60	61	62	63	64	65	66	67	68	69	70	71	72	73	74	76	77	78	79	80	81	81	81	82	83	84	85	86	87	88	89	90	91	92	93	94	95	96	97	98	99	100	101	102	103	104	105	106	107	108	109	110	111	112	113	114	115	116
1	1	1	1	1	1	1	1	1	1	1	1	1	1	1	1	1	1	1	1	1	1	1	1	1	1	1	1	1	1	0	0	1	1	1	1	1	1	1	1	1	1	1	1	1	1	1	1	1	1	1	1	1	1	1	1	1	1	1	1	1	1	1	1	1	1	1	51	52	53	54	55	56	57	58	59	60	61	62	63	64	65	66	67	68	69	70	71	72	73	74	75	76	78	79	80	81	81	81	82	83	84	86	87	88	89	90	91	92	93	94	95	96	97	98	99	100	101	102	103	104	105	106	107	108	109	110	111	112	113	114	115	116	117
1	1	1	1	1	1	1	1	1	1	1	1	1	1	1	1	1	1	1	1	1	1	1	1	1	1	1	1	1	1	1	0	1	1	1	1	1	1	1	1	1	1	1	1	1	1	1	1	1	1	1	1	1	1	0	0	1	1	1	1	1	1	1	1	1	1	1	51	52	53	54	55	56	57	58	59	60	61	63	64	65	66	67	68	69	70	71	72	73	74	75	76	77	78	79	80	81	82	82	83	84	85	87	88	89	90	91	92	93	94	95	96	97	98	99	100	101	102	103	104	105	105	105	106	107	108	109	110	111	112	113	114	115	116
1	1	1	1	1	1	1	1	1	1	1	1	1	1	1	1	1	1	1	1	1	1	1	1	1	1	1	1	1	1	0	0	1	1	1	1	1	1	1	1	1	1	1	1	1	1	1	1	1	1	1	1	1	1	1	1	1	1	1	1	1	1	1	1	1	1	1	51	52	53	54	55	56	57	58	59	60	61	62	63	64	65	66	67	68	69	70	71	72	73	74	76	77	78	79	80	81	81	81	82	83	84	86	87	88	89	90	91	92	93	94	95	96	97	98	99	100	101	102	103	104	105	106	107	108	109	110	111	112	113	114	115	116	117
1	1	1	1	1	1	1	1	1	1	1	1	1	1	1	1	1	1	1	1	1	1	1	1	1	1	1	1	1	1	1	1	1	1	1	1	1	0	0	1	1	1	1	1	1	1	1	1	1	1	1	1	1	1	0	0	1	1	1	1	1	1	1	1	1	1	1	51	52	53	54	55	56	57	58	59	60	61	62	63	65	66	67	68	69	70	71	72	73	74	75	76	77	78	79	80	81	82	83	85	86	87	88	89	89	89	90	91	92	93	94	95	96	97	98	99	100	101	102	103	104	104	104	105	106	107	108	109	110	111	112	113	114	115
1	1	1	1	1	1	1	1	1	1	1	1	1	1	1	1	1	1	1	1	1	1	1	1	1	1	1	1	1	1	1	1	1	1	1	1	1	0	0	1	1	1	1	1	1	1	1	1	1	1	1	1	1	1	0	0	1	1	1	1	1	1	1	1	1	1	1	51	52	53	54	55	56	57	58	59	60	61	62	63	65	66	67	68	69	70	71	72	73	74	75	76	77	78	79	80	81	82	83	85	86	87	88	89	89	89	90	91	92	93	94	95	96	97	98	99	100	101	102	103	104	104	104	105	106	107	108	109	110	111	112	113	114	115
1	1	1	1	1	1	1	1	1	1	1	1	1	1	1	1	1	1	1	1	1	1	1	1	1	1	1	1	1	1	0	1	1	1	1	0	0	0	0	0	1	1	1	1	1	1	1	1	1	1	1	1	1	1	0	0	1	1	1	1	1	1	1	1	1	1	1	51	52	53	54	55	56	57	58	59	60	61	62	63	65	66	67	68	69	70	71	72	73	74	75	76	77	78	79	80	81	81	82	84	85	86	86	86	86	86	86	87	88	89	90	91	92	93	94	95	96	97	98	99	100	100	100	101	102	103	104	105	106	107	108	109	110	111
1	1	1	1	1	1	1	1	1	1	1	0	0	1	1	1	1	1	1	1	1	1	1	1	1	1	1	1	1	1	0	0	1	1	1	1	1	1	1	1	1	1	1	1	1	1	1	1	1	1	1	1	1	1	1	1	1	1	1	1	1	1	1	1	1	1	1	51	52	53	54	55	56	57	58	59	60	61	61	61	62	63	64	65	66	67	68	69	70	71	72	74	75	76	77	78	79	79	79	80	81	82	83	84	85	86	87	88	89	90	91	92	93	94	95	96	97	98	99	100	101	102	103	104	105	106	107	108	109	110	111	112	113	114
0	1	1	1	1	0	1	1	1	1	1	1	1	1	1	1	1	1	1	1	1	1	1	1	1	1	1	1	1	1	0	0	1	1	1	1	1	1	1	1	1	1	1	1	1	1	1	1	1	1	1	1	1	1	1	1	1	1	1	1	1	1	1	1	1	1	1	0	48	49	50	51	51	52	53	54	55	56	57	58	59	60	61	62	63	64	65	66	67	68	69	71	72	73	74	75	76	76	76	77	78	79	81	82	83	84	85	86	87	88	89	90	91	92	93	94	95	96	97	98	99	100	101	102	103	104	105	106	107	108	109	110	111	112
1	1	1	1	1	1	1	1	1	1	1	1	1	1	1	1	1	1	1	1	1	1	1	1	1	1	1	1	1	1	1	1	1	1	1	1	1	0	0	1	1	1	1	1	1	1	1	1	1	1	1	1	1	1	0	0	1	1	1	1	1	1	1	1	1	1	1	51	52	53	54	55	56	57	58	59	60	61	62	63	65	66	67	68	69	70	71	72	73	74	75	76	77	78	79	80	81	82	83	85	86	87	88	89	89	89	90	91	92	93	94	95	96	97	98	99	100	101	102	103	104	104	104	105	106	107	108	109	110	111	112	113	114	115
1	1	1	1	1	1	1	1	1	1	1	1	1	1	1	1	1	1	1	1	1	1	1	1	1	1	1	1	1	1	1	1	1	1	1	1	1	0	0	1	1	1	1	1	1	1	1	1	1	1	1	1	1	1	0	0	1	1	1	1	1	1	1	1	1	1	1	51	52	53	54	55	56	57	58	59	60	61	62	63	65	66	67	68	69	70	71	72	73	74	75	76	77	78	79	80	81	82	83	85	86	87	88	89	89	89	90	91	92	93	94	95	96	97	98	99	100	101	102	103	104	104	104	105	106	107	108	109	110	111	112	113	114	115
1	1	1	1	1	1	1	1	1	1	1	1	1	1	1	1	1	1	1	1	1	1	1	1	1	1	1	1	1	1	1	0	1	1	1	1	1	0	0	1	1	1	1	1	1	1	1	1	1	1	1	1	1	1	0	0	1	0	0	1	1	1	1	1	0	0	0	5	6	7	8	9	10	11	12	13	14	15	16	17	18	19	20	21	22	23	24	25	26	27	28	29	30	31	32	33	57	58	58	59	60	61	62	63	63	63	64	65	66	67	68	69	70	71	72	73	74	75	76	77	78	78	78	79	79	79	80	81	82	83	84	127	127	127
1	1	1	1	1	1	1	1	1	1	1	1	1	1	1	1	1	1	1	1	1	1	1	1	1	1	1	1	1	1	0	0	1	1	1	1	1	1	1	1	1	1	1	1	1	1	1	1	1	1	1	1	1	1	1	1	1	1	1	1	1	1	1	1	1	1	1	51	52	53	54	55	56	57	58	59	60	61	62	63	64	65	66	67	68	69	70	71	72	73	74	76	77	78	79	80	81	81	81	82	83	84	86	87	88	89	90	91	92	93	94	95	96	97	98	99	100	101	102	103	104	105	106	107	108	109	110	111	112	113	114	115	116	117
0	1	1	1	1	1	1	1	1	1	1	1	1	1	1	1	1	1	1	1	1	1	1	1	1	1	1	1	1	1	1	1	1	1	1	1	1	0	0	1	1	1	1	1	1	1	1	1	1	1	1	1	1	1	0	0	1	1	1	1	1	1	1	1	1	1	1	0	51	52	53	54	55	56	57	58	59	60	61	62	63	64	65	66	67	68	69	70	71	72	73	74	75	76	77	78	79	80	81	83	84	85	86	87	87	87	88	89	90	91	92	93	94	95	96	97	98	99	100	101	102	102	102	103	104	105	106	107	108	109	110	111	112	113
1	1	1	1	1	1	1	1	1	1	1	1	1	1	1	1	1	1	1	1	1	1	1	1	1	1	1	1	1	1	1	1	1	1	1	1	1	0	0	1	1	1	1	1	1	1	1	1	1	1	1	1	1	1	0	0	1	1	1	1	1	1	1	1	1	1	1	51	52	53	54	55	56	57	58	59	60	61	62	63	65	66	67	68	69	70	71	72	73	74	75	76	77	78	79	80	81	82	83	85	86	87	88	89	89	89	90	91	92	93	94	95	96	97	98	99	100	101	102	103	104	104	104	105	106	107	108	109	110	111	112	113	114	115
1	1	1	1	1	1	1	1	1	1	1	1	1	1	1	1	1	1	1	1	1	1	1	1	1	1	1	1	1	1	0	1	1	1	1	0	0	0	0	0	1	1	1	1	1	1	1	1	1	1	1	1	1	1	0	0	1	1	1	1	1	1	1	1	1	1	1	51	52	53	54	55	56	57	58	59	60	61	62	63	65	66	67	68	69	70	71	72	73	74	75	76	77	78	79	80	81	81	82	84	85	86	86	86	86	86	86	87	88	89	90	91	92	93	94	95	96	97	98	99	100	100	100	101	102	103	104	105	106	107	108	109	110	111
1	1	1	1	1	1	1	1	1	1	0	1	1	1	1	1	1	1	1	1	1	1	1	1	1	0	0	0	0	1	0	0	1	1	1	0	0	1	1	0	1	1	0	1	1	1	1	1	1	1	1	1	1	1	1	1	0	0	1	1	1	1	1	1	1	1	1	51	52	53	54	55	56	57	58	59	60	60	62	63	65	66	67	68	69	70	71	72	73	74	75	77	77	77	77	77	78	78	78	79	80	81	81	81	82	83	83	84	85	85	86	87	88	89	90	91	92	93	94	95	96	97	98	98	98	99	100	101	102	103	104	105	106	107
1	1	1	1	1	1	1	1	1	1	1	1	1	1	1	1	1	1	1	1	1	1	1	1	1	1	1	1	1	1	1	1	1	1	1	1	1	0	0	1	1	1	1	1	1	1	1	1	1	1	1	1	1	1	0	0	1	1	1	1	1	1	1	1	1	1	1	51	52	53	54	55	56	57	58	59	60	61	62	63	65	66	67	68	69	70	71	72	73	74	75	76	77	78	79	80	81	82	83	85	86	87	88	89	89	89	90	91	92	93	94	95	96	97	98	99	100	101	102	103	104	104	104	105	106	107	108	109	110	111	112	113	114	115
1	1	1	1	1	1	1	1	1	1	1	1	1	1	1	1	1	1	1	1	1	1	1	1	1	1	1	1	1	1	0	0	1	1	1	1	1	1	1	1	1	1	1	1	1	1	1	1	1	1	1	1	1	1	1	1	1	1	1	1	1	1	1	1	1	1	1	51	52	53	54	55	56	57	58	59	60	61	62	63	64	65	66	67	68	69	70	71	72	73	74	75	77	78	79	80	81	81	81	82	83	84	86	87	88	89	90	91	92	93	94	95	96	97	98	99	100	101	102	103	104	105	106	107	108	109	110	111	112	113	114	115	116	117
1	1	1	1	1	1	1	1	1	1	1	1	1	1	1	1	1	1	1	1	1	1	1	1	1	1	1	1	1	1	1	1	1	1	1	1	1	0	0	1	1	1	1	1	1	1	1	1	1	1	1	1	1	1	0	0	1	1	1	1	1	1	1	1	1	1	1	51	52	53	54	55	56	57	58	59	60	61	62	63	65	66	67	68	69	70	71	72	73	74	75	76	77	78	79	80	81	82	83	85	86	87	88	89	89	89	90	91	92	93	94	95	96	97	98	99	100	101	102	103	104	104	104	105	106	107	108	109	110	111	112	113	114	115
1	1	1	1	1	1	1	1	1	0	0	1	1	1	1	1	1	1	1	1	1	1	1	1	1	1	1	1	1	1	0	0	1	1	1	1	1	1	1	1	0	1	1	1	1	1	1	1	1	1	1	1	1	1	1	1	1	1	1	1	1	1	1	1	1	0	0	51	52	53	54	55	56	57	58	59	59	59	60	61	62	63	64	65	66	67	68	69	70	71	72	74	75	76	77	78	79	79	79	81	82	83	84	85	86	87	88	88	89	90	91	92	93	94	95	96	97	98	99	100	101	102	103	104	105	106	107	108	109	110	111	112	164	164
1	1	1	1	1	1	1	1	1	1	1	1	1	1	1	1	1	1	1	1	1	1	1	1	1	1	1	1	1	1	0	1	1	1	1	1	1	0	0	0	1	1	1	1	1	1	1	1	1	1	1	1	1	1	0	0	1	1	1	1	1	1	1	1	1	1	1	60	61	62	63	64	65	66	67	68	69	70	71	72	74	75	76	77	78	79	80	81	82	83	84	85	86	87	88	89	90	90	91	93	95	96	98	99	99	99	99	100	101	102	103	104	105	106	107	108	109	110	111	112	113	113	113	114	115	116	117	118	119	120	121	122	123	124
1	1	1	1	1	1	1	1	1	1	1	1	1	1	1	1	1	1	1	1	1	1	1	1	1	1	1	1	1	1	1	1	1	1	1	1	1	0	0	1	1	1	1	1	1	1	1	1	1	1	1	1	1	1	0	0	1	1	1	1	1	1	1	1	1	1	1	51	52	53	54	55	56	57	58	59	60	61	62	63	65	66	67	68	69	70	71	72	73	74	75	76	77	78	79	80	81	82	83	85	86	87	88	89	89	89	90	91	92	93	94	95	96	97	98	99	100	101	102	103	104	104	104	105	106	107	108	109	110	111	112	113	114	115
1	1	1	1	1	1	1	1	1	1	1	1	1	1	1	1	1	1	1	1	1	1	1	1	1	1	1	1	1	1	0	1	1	1	1	0	0	0	0	1	1	1	1	1	1	1	1	1	1	1	1	1	1	1	0	0	1	1	1	1	1	1	1	1	1	1	1	51	52	53	54	55	56	57	58	59	60	61	62	63	65	66	67	68	69	70	71	72	73	74	75	76	77	78	79	80	81	81	82	83	84	85	85	85	85	85	86	87	88	89	90	91	92	93	94	95	96	97	98	99	100	100	100	101	102	103	104	105	106	107	108	109	110	111
1	1	1	1	1	1	1	1	1	1	1	1	1	1	1	1	1	1	1	1	1	1	1	1	1	1	1	1	1	1	0	0	1	1	1	1	1	1	1	1	1	1	1	1	1	1	1	1	1	1	1	1	1	1	1	1	1	1	1	1	1	1	1	1	1	1	1	51	52	53	54	55	56	57	58	59	60	61	62	63	64	65	66	67	68	69	70	71	72	73	74	76	77	78	79	80	81	81	81	82	83	84	86	87	88	89	90	91	92	93	94	95	96	97	98	99	100	101	102	103	104	105	106	107	108	109	110	111	112	113	114	115	116	117
1	1	1	1	1	1	1	1	1	1	1	1	1	1	1	1	1	1	1	1	1	1	1	1	1	1	1	1	1	1	0	0	1	1	1	1	1	1	1	1	1	1	1	1	1	1	1	1	1	1	1	1	1	1	1	1	1	1	1	1	1	1	1	1	1	1	1	51	52	53	54	55	56	57	58	59	60	61	62	63	64	65	66	67	68	69	70	71	72	73	74	76	77	78	79	80	81	81	81	82	83	84	86	87	88	89	90	91	92	93	94	95	96	97	98	99	100	101	102	103	104	105	106	107	108	109	110	111	112	113	114	115	116	117
1	1	1	1	1	1	1	1	1	1	1	1	1	1	1	1	1	1	1	1	1	1	1	1	1	1	1	1	1	1	0	1	1	1	1	0	0	0	0	0	1	1	1	1	1	1	1	1	1	1	1	1	1	1	0	0	1	1	1	1	1	1	1	1	1	1	1	51	52	53	54	55	56	57	58	59	60	61	62	63	65	66	67	68	69	70	71	72	73	74	75	76	77	78	79	80	81	81	82	84	85	86	86	86	86	86	86	87	88	89	90	91	92	93	94	95	96	97	98	99	100	100	100	101	102	103	104	105	106	107	108	109	110	111
1	1	1	1	1	1	1	1	1	1	1	1	1	1	1	1	1	1	1	1	1	1	1	1	1	1	1	1	1	1	0	1	1	1	1	0	0	0	0	0	1	1	1	1	1	1	1	1	1	1	1	1	1	1	0	0	1	1	1	1	1	1	1	1	1	1	1	51	52	53	54	55	56	57	58	59	60	61	62	63	65	66	67	68	69	70	71	72	73	74	75	76	77	78	79	80	81	81	82	84	85	86	86	86	86	86	86	87	88	89	90	91	92	93	94	95	96	97	98	99	100	100	100	101	102	103	104	105	106	107	108	109	110	111
1	1	1	1	1	1	1	1	1	1	1	1	1	1	1	1	1	1	1	1	1	1	1	1	1	1	1	1	1	1	0	0	1	1	1	1	1	1	1	1	1	1	1	1	1	1	1	1	1	1	1	1	1	1	1	1	1	1	1	1	1	1	1	1	1	1	1	51	52	53	54	55	56	57	58	59	60	61	62	63	64	65	66	67	68	69	70	71	72	73	74	76	77	78	79	80	81	81	81	82	83	84	86	87	88	89	90	91	92	93	94	95	96	97	98	99	100	101	102	103	104	105	106	107	108	109	110	111	112	113	114	115	116	117
1	1	1	1	1	1	1	1	1	1	1	1	1	1	1	1	1	1	1	1	1	1	1	1	1	1	1	1	1	1	1	1	1	1	1	1	1	0	0	1	1	1	1	1	1	1	1	1	1	1	1	1	1	1	0	0	1	1	1	1	1	1	1	1	1	1	1	51	52	53	54	55	56	57	58	59	60	61	62	63	65	66	67	68	69	70	71	72	73	74	75	76	77	78	79	80	81	82	83	85	86	87	88	89	89	89	90	91	92	93	94	95	96	97	98	99	100	101	102	103	104	104	104	105	106	107	108	109	110	111	112	113	114	115
1	1	1	1	1	1	1	1	1	1	1	1	1	1	1	1	1	1	1	1	1	1	1	1	1	1	1	1	1	1	1	0	1	0	0	1	1	0	0	1	1	1	1	1	1	1	1	1	1	1	1	1	1	1	0	0	1	1	1	1	1	1	1	1	1	1	1	51	52	53	54	55	56	57	58	59	60	61	62	63	64	65	66	67	68	69	70	71	72	73	74	75	76	77	78	79	80	81	81	82	82	82	83	84	84	84	85	86	87	88	89	90	91	92	93	94	95	96	97	98	99	99	99	100	101	102	103	104	105	106	107	108	109	110
1	1	1	1	1	1	1	1	1	1	1	1	1	1	1	1	1	1	1	1	1	1	1	1	1	1	1	1	1	1	0	1	1	1	1	0	1	0	0	0	1	1	1	1	1	1	1	1	1	1	1	1	1	1	0	0	1	1	1	1	1	1	1	1	1	1	1	51	52	53	54	55	56	57	58	59	60	61	62	63	66	67	68	69	70	71	72	73	74	75	76	77	78	79	80	81	82	82	83	84	85	86	86	87	87	87	87	88	89	90	91	92	93	94	95	96	97	98	99	100	101	101	101	102	103	104	105	106	107	108	109	110	111	112
1	1	1	1	1	1	1	1	1	1	1	1	1	1	1	1	1	1	1	1	1	1	1	1	0	1	1	1	1	1	1	1	1	0	0	1	0	1	1	0	0	1	1	1	1	1	1	1	1	1	1	1	1	1	1	1	1	1	1	1	1	1	1	1	1	1	0	51	52	53	54	55	56	57	58	59	60	61	62	63	65	66	67	68	69	70	71	72	73	74	75	75	76	77	78	79	80	81	82	84	84	84	85	85	86	87	87	87	88	89	90	91	92	93	94	95	96	97	98	99	100	101	102	103	104	105	106	107	108	109	110	111	112	164
1	1	1	1	1	1	1	1	1	1	1	1	1	1	1	1	1	1	1	1	1	1	1	1	1	1	1	1	1	1	0	0	1	1	1	1	1	1	1	1	1	1	1	1	1	1	1	1	1	1	1	1	1	1	1	1	1	1	1	1	1	1	1	1	1	1	1	51	52	53	54	55	56	57	58	59	60	61	62	63	64	65	66	67	68	69	70	71	72	73	74	76	77	78	79	80	81	81	81	82	83	84	86	87	88	89	90	91	92	93	94	95	96	97	98	99	100	101	102	103	104	105	106	107	108	109	110	111	112	113	114	115	116	117
1	1	1	1	1	1	1	1	1	1	1	1	1	1	1	1	1	1	1	1	1	1	1	1	1	0	0	1	1	1	1	1	1	1	1	0	0	0	0	0	1	1	1	1	1	1	1	1	1	1	1	1	1	1	0	0	1	1	1	1	1	1	1	1	1	1	1	51	52	53	54	55	56	57	58	59	60	61	62	63	65	66	67	68	69	70	71	72	73	74	75	76	76	76	77	78	79	80	81	84	85	86	86	86	86	86	86	87	88	89	90	91	92	93	94	95	96	97	98	99	100	100	100	101	102	103	104	105	106	107	108	109	110	111
1	1	1	1	1	1	1	1	1	1	1	1	1	1	1	1	1	1	1	1	1	1	1	1	1	1	1	1	1	1	1	1	1	1	1	1	1	0	0	1	1	1	1	1	1	1	1	1	1	1	1	1	1	1	0	0	1	1	1	1	1	1	1	1	1	1	1	51	52	53	54	55	56	57	58	59	60	61	62	63	65	66	67	68	69	70	71	72	73	74	75	76	77	78	79	80	81	82	83	85	86	87	88	89	89	89	90	91	92	93	94	95	96	97	98	99	100	101	102	103	104	104	104	105	106	107	108	109	110	111	112	113	114	115
1	1	1	1	1	1	1	1	1	1	1	1	1	1	1	1	1	1	1	1	1	1	1	1	1	1	1	1	1	1	0	1	1	1	1	0	0	0	0	0	1	1	1	1	1	1	1	1	1	1	1	1	1	1	0	0	1	1	1	1	1	1	1	1	1	1	1	51	52	53	54	55	56	57	58	59	60	61	62	63	65	66	67	68	69	70	71	72	73	74	75	76	77	78	79	80	81	81	82	84	85	86	86	86	86	86	86	87	88	89	90	91	92	93	94	95	96	97	98	99	100	100	100	101	102	103	104	105	106	107	108	109	110	111
1	1	1	1	1	1	1	1	1	1	1	1	1	1	1	1	1	1	1	1	1	1	1	1	1	1	1	1	1	1	1	1	1	1	1	1	1	0	0	1	1	1	1	1	1	1	1	1	1	1	1	1	1	1	0	0	1	1	1	1	1	1	1	1	1	1	1	51	52	53	54	55	56	57	58	59	60	61	62	63	65	66	67	68	69	70	71	72	73	74	75	76	77	78	79	80	81	82	83	85	86	87	88	89	89	89	90	91	92	93	94	95	96	97	98	99	100	101	102	103	104	104	104	105	106	107	108	109	110	111	112	113	114	115
1	1	1	1	1	1	1	1	1	1	1	1	1	1	1	1	1	1	1	1	1	1	1	1	1	1	1	1	1	1	0	1	1	1	1	0	0	0	0	0	1	1	1	1	1	1	1	1	1	1	1	1	1	1	0	0	1	1	1	1	1	1	1	1	1	1	1	51	52	53	54	55	56	57	58	59	60	61	62	63	65	66	67	68	69	70	71	72	73	74	75	76	77	78	79	80	81	81	82	84	85	86	86	86	86	86	86	87	88	89	90	91	92	93	94	95	96	97	98	99	100	100	100	101	102	103	104	105	106	107	108	109	110	111
1	1	1	1	1	1	1	1	1	1	1	1	1	1	1	1	1	1	1	1	1	1	1	1	0	1	1	1	1	1	1	1	1	0	0	1	1	1	1	0	0	1	1	1	1	1	1	1	1	1	1	1	1	1	1	1	1	1	1	1	1	1	1	1	1	1	1	51	52	53	54	55	56	57	58	59	60	61	63	64	65	66	67	68	69	70	71	72	73	74	75	75	76	77	78	79	80	81	83	84	84	84	85	86	87	88	88	88	89	90	91	92	93	94	95	96	97	98	99	100	101	102	103	104	105	106	107	108	109	110	111	112	113	114
1	1	1	1	1	1	1	1	1	1	1	1	1	1	1	1	1	1	1	1	1	1	1	1	1	1	1	1	1	1	1	1	1	1	1	1	1	0	0	1	1	1	1	1	1	1	1	1	1	1	1	1	1	1	0	0	1	1	1	1	1	1	1	1	1	1	1	51	52	53	54	55	56	57	58	59	60	61	62	63	65	66	67	68	69	70	71	72	73	74	75	76	77	78	79	80	81	82	83	85	86	87	88	89	89	89	90	91	92	93	94	95	96	97	98	99	100	101	102	103	104	104	104	105	106	107	108	109	110	111	112	113	114	115
1	1	1	1	1	1	1	1	1	1	1	1	1	1	1	1	1	1	1	1	1	1	1	1	1	1	1	1	1	1	0	1	1	1	1	0	0	0	0	0	1	1	1	1	1	1	1	1	1	1	1	1	1	1	0	0	1	1	1	1	1	1	1	1	1	1	0	51	52	53	54	55	56	57	58	59	60	61	62	63	65	66	67	68	69	70	71	72	73	74	75	76	77	78	79	80	81	81	82	84	85	86	86	86	86	86	86	87	88	89	90	91	92	93	94	95	96	97	98	99	100	100	100	101	102	103	104	105	106	107	108	109	110	162
1	1	1	1	1	1	1	1	1	1	1	1	1	1	1	1	1	1	1	1	1	1	1	1	1	1	1	1	1	1	1	1	1	1	1	1	1	0	0	1	1	1	1	1	1	1	1	1	1	1	1	1	1	1	0	0	1	1	1	1	1	1	1	1	1	1	1	51	52	53	54	55	56	57	58	59	60	61	62	63	65	66	67	68	69	70	71	72	73	74	75	76	77	78	79	80	81	82	83	85	86	87	88	89	89	89	90	91	92	93	94	95	96	97	98	99	100	101	102	103	104	104	104	105	106	107	108	109	110	111	112	113	114	115
1	1	1	1	1	1	1	1	1	1	1	1	1	1	1	1	1	1	1	1	1	1	1	1	1	1	1	1	1	1	1	1	1	1	1	1	1	0	0	1	1	1	1	1	1	1	1	1	1	1	1	1	1	1	0	0	1	1	1	1	1	1	1	1	1	1	1	51	52	53	54	55	56	57	58	59	60	61	62	63	65	66	67	68	69	70	71	72	73	74	75	76	77	78	79	80	81	82	83	85	86	87	88	89	89	89	90	91	92	93	94	95	96	97	98	99	100	101	102	103	104	104	104	105	106	107	108	109	110	111	112	113	114	115
1	1	1	1	1	1	1	1	1	1	1	1	1	1	1	1	1	1	1	1	1	1	1	1	1	1	1	1	1	1	1	1	1	1	1	1	1	0	0	1	1	1	1	1	1	1	1	1	1	1	1	1	1	1	0	0	1	1	1	1	1	1	1	1	1	1	1	51	52	53	54	55	56	57	58	59	60	61	62	63	65	66	67	68	69	70	71	72	73	74	75	76	77	78	79	80	81	82	83	85	86	87	88	89	89	89	90	91	92	93	94	95	96	97	98	99	100	101	102	103	104	104	104	105	106	107	108	109	110	111	112	113	114	115
1	1	1	1	1	1	1	1	1	1	1	1	1	1	1	1	1	1	1	1	1	1	1	1	1	1	1	1	1	1	0	1	1	1	1	0	0	0	0	0	1	1	1	1	1	1	1	1	1	1	1	1	1	1	0	0	1	1	1	1	1	1	1	1	1	1	1	51	52	53	54	55	56	57	58	59	60	61	62	63	65	66	67	68	69	70	71	72	73	74	75	76	77	78	79	80	81	81	82	84	85	86	86	86	86	86	86	87	88	89	90	91	92	93	94	95	96	97	98	99	100	100	100	101	102	103	104	105	106	107	108	109	110	111
1	1	1	1	1	1	1	1	1	1	1	1	1	1	1	1	1	1	1	1	1	1	1	1	1	1	1	1	1	1	0	0	1	1	1	1	1	1	1	1	1	1	1	1	1	1	1	1	1	1	1	1	1	1	1	1	1	1	1	1	1	1	1	1	1	1	1	51	52	53	54	55	56	57	58	59	60	61	62	63	64	65	66	67	68	69	70	71	72	73	74	76	77	78	79	80	81	81	81	82	83	84	86	87	88	89	90	91	92	93	94	95	96	97	98	99	100	101	102	103	104	105	106	107	108	109	110	111	112	113	114	115	116	117
1	1	1	1	1	1	1	1	1	0	1	1	1	1	1	1	1	1	1	1	1	1	1	1	1	1	1	1	1	1	0	1	1	1	1	0	0	0	0	0	1	1	1	1	1	1	1	1	1	1	1	1	1	1	0	0	1	1	1	1	1	1	1	1	1	1	1	4	5	6	7	8	9	10	11	12	12	13	15	16	18	19	20	21	22	23	24	25	26	27	28	29	30	31	32	33	34	34	35	37	38	39	39	39	39	39	39	40	41	42	43	44	45	46	47	48	49	50	51	52	53	53	53	54	55	56	57	58	59	60	61	62	63	64
1	1	1	1	1	1	1	1	1	1	1	1	1	1	1	1	1	1	1	1	1	1	1	1	1	0	0	1	1	1	1	1	1	1	1	0	0	0	0	0	1	1	1	1	1	1	1	1	1	1	1	1	1	1	0	0	1	1	1	1	1	1	1	1	1	1	1	51	52	53	54	55	56	57	58	59	60	61	62	63	65	66	67	68	69	70	71	72	73	74	75	76	76	76	77	78	79	80	81	84	85	86	86	86	86	86	86	87	88	89	90	91	92	93	94	95	96	97	98	99	100	100	100	101	102	103	104	105	106	107	108	109	110	111
1	1	1	1	1	1	1	1	1	1	1	1	1	1	1	1	1	1	1	1	1	1	1	1	1	1	1	1	1	1	1	0	1	1	1	1	1	0	1	1	1	1	1	1	1	1	1	1	1	1	1	1	1	1	1	1	1	1	1	1	1	1	1	1	1	1	1	51	52	53	54	55	56	57	58	59	61	62	63	64	65	66	67	68	69	70	71	72	73	74	75	76	77	78	79	80	81	82	82	84	85	86	87	88	88	89	90	91	92	93	94	95	96	97	98	99	100	101	102	103	104	105	106	107	108	109	110	111	112	113	114	115	116	117
1	1	1	1	1	1	1	1	1	1	1	1	1	1	1	1	1	1	1	1	1	1	1	1	1	0	0	1	1	1	1	1	1	1	1	0	0	0	0	0	1	1	1	1	1	1	1	1	1	1	1	1	1	1	0	0	1	1	1	1	1	1	1	1	1	1	1	51	52	53	54	55	56	57	58	59	60	61	62	63	65	66	67	68	69	70	71	72	73	74	75	76	76	76	77	78	79	80	81	84	85	86	86	86	86	86	86	87	88	89	90	91	92	93	94	95	96	97	98	99	100	100	100	101	102	103	104	105	106	107	108	109	110	111
1	1	1	1	1	1	1	1	1	1	1	1	1	1	1	1	1	1	1	1	1	1	1	1	1	1	1	1	1	1	0	1	1	1	1	0	0	0	0	0	1	1	1	1	1	1	1	1	1	1	1	1	1	1	0	0	1	1	1	1	1	1	1	1	1	1	1	51	52	53	54	55	56	57	58	59	60	61	62	63	65	66	67	68	69	70	71	72	73	74	75	76	77	78	79	80	81	81	82	84	85	86	86	86	86	86	86	87	88	89	90	91	92	93	94	95	96	97	98	99	100	100	100	101	102	103	104	105	106	107	108	109	110	111
