100	PF00684	67	100	50	0.2	0.001	1.0e-10	random	sce	800	0.7
1	2	3	4	5	6	7	8	9	10	11	12	13	14	15	16	17	18	19	20	21	22	23	24	25	26	27	28	29	30	31	32	33	34	35	36	37	38	39	40	41	42	43	44	45	46	47	48	49	50	51	52	53	54	55	56	57	58	59	60	61	62	63	64	65	66	67	68	69	70	71	72	73	74	75	76	77	78	79	80	81	82	83	84	85	86	87	88	89	90	91	92	93	94	95	96	97	98	99	100
1	1	1	1	1	1	1	1	1	1	1	1	1	1	1	1	1	1	1	1	1	1	1	1	1	1	1	1	1	1	0	0	1	1	1	1	1	1	1	1	1	1	1	1	1	1	1	1	1	1	1	1	1	1	1	1	1	1	1	1	1	1	1	1	1	1	0	51	52	53	54	55	56	57	58	59	60	61	63	64	65	66	67	68	69	70	71	72	73	74	75	76	78	79	80	80	81	81	81	83	84	85	87	88	89	90	91	92	93	94	95	96	97	98	99	100	101	102	103	104	105	106	107	108	109	110	111	112	113	114	115	116	117	169
1	1	1	1	1	1	1	1	1	1	1	1	1	1	1	1	1	1	1	1	1	1	1	1	1	1	1	1	1	1	1	1	1	1	1	1	1	0	0	1	1	1	1	1	1	1	1	1	1	1	1	1	1	1	0	0	1	1	1	1	1	1	1	1	1	1	1	51	52	53	54	55	56	57	58	59	60	61	62	63	65	66	67	68	69	70	71	72	73	74	75	76	77	78	79	80	81	82	83	85	86	87	88	89	89	89	90	91	92	93	94	95	96	97	98	99	100	101	102	103	104	104	104	105	106	107	108	109	110	111	112	113	114	115
1	1	1	1	1	1	1	1	1	1	1	1	1	1	1	1	1	1	1	1	1	1	1	1	1	0	0	1	1	1	1	1	1	1	1	0	0	0	0	0	1	1	1	1	1	1	1	1	1	1	1	1	1	1	0	0	1	1	1	1	1	1	1	1	1	1	1	51	52	53	54	55	56	57	58	59	60	61	62	63	65	66	67	68	69	70	71	72	73	74	75	76	76	76	77	78	79	80	81	84	85	86	86	86	86	86	86	87	88	89	90	91	92	93	94	95	96	97	98	99	100	100	100	101	102	103	104	105	106	107	108	109	110	111
1	1	1	1	1	1	1	1	1	1	1	1	1	1	1	1	1	1	1	1	1	1	1	1	1	1	1	1	1	1	1	1	1	1	1	1	1	0	0	1	1	1	1	1	1	1	1	1	1	1	1	1	1	1	0	0	1	1	1	1	1	1	1	1	1	1	1	51	52	53	54	55	56	57	58	59	60	61	62	63	65	66	67	68	69	70	71	72	73	74	75	76	77	78	79	80	81	82	83	85	86	87	88	89	89	89	90	91	92	93	94	95	96	97	98	99	100	101	102	103	104	104	104	105	106	107	108	109	110	111	112	113	114	115
1	1	1	1	1	1	1	1	1	1	1	1	1	1	1	1	1	1	1	1	1	1	1	1	1	1	1	1	1	1	0	1	1	1	1	0	0	0	0	0	1	1	1	1	1	1	1	1	1	1	1	1	1	1	0	0	1	1	1	1	1	1	1	1	1	1	1	51	52	53	54	55	56	57	58	59	60	61	62	63	65	66	67	68	69	70	71	72	73	74	75	76	77	78	79	80	81	81	82	84	85	86	86	86	86	86	86	87	88	89	90	91	92	93	94	95	96	97	98	99	100	100	100	101	102	103	104	105	106	107	108	109	110	111
1	1	1	1	1	1	1	1	1	1	1	1	1	1	1	1	1	1	1	1	1	1	1	1	1	1	1	1	1	1	0	1	1	1	1	1	1	0	1	1	1	1	1	1	1	1	1	1	1	1	1	1	1	1	0	0	1	1	1	1	1	1	1	1	1	1	0	51	52	53	54	55	56	57	58	59	60	61	62	63	65	66	67	68	69	70	71	72	73	74	75	76	77	78	79	79	80	80	81	82	84	85	86	87	87	87	88	89	90	91	92	93	94	95	96	97	98	99	100	101	102	102	102	103	104	105	106	107	108	109	110	111	112	164
1	1	1	1	1	1	1	1	1	1	1	1	1	1	1	1	1	1	1	1	1	1	1	1	1	1	1	1	1	1	0	1	1	1	1	0	0	0	0	0	1	1	1	1	1	1	1	1	1	1	1	1	1	1	0	0	1	1	1	1	1	1	1	1	1	1	1	51	52	53	54	55	56	57	58	59	60	61	62	63	65	66	67	68	69	70	71	72	73	74	75	76	77	78	79	80	81	81	82	84	85	86	86	86	86	86	86	87	88	89	90	91	92	93	94	95	96	97	98	99	100	100	100	101	102	103	104	105	106	107	108	109	110	111
1	1	1	1	1	1	1	1	1	1	1	1	1	1	1	1	1	1	1	1	1	1	1	1	1	1	1	1	1	1	1	1	1	1	1	1	1	0	0	1	1	1	1	1	1	1	1	1	1	1	1	1	1	1	0	0	1	1	1	1	1	1	1	1	1	1	1	51	52	53	54	55	56	57	58	59	60	61	62	63	65	66	67	68	69	70	71	72	73	74	75	76	77	78	79	80	81	82	83	85	86	87	88	89	89	89	90	91	92	93	94	95	96	97	98	99	100	101	102	103	104	104	104	105	106	107	108	109	110	111	112	113	114	115
1	1	1	1	1	1	1	1	1	1	1	1	1	1	1	1	1	1	1	1	1	1	1	1	1	1	1	1	1	1	0	0	1	1	1	1	1	0	0	1	1	1	1	1	1	1	1	1	1	1	1	1	1	1	0	0	1	1	1	1	1	1	1	1	1	1	1	51	52	53	54	55	56	57	58	59	60	61	62	63	65	66	67	68	69	70	71	72	73	74	75	76	89	90	93	93	93	93	93	85	86	87	88	89	89	89	90	91	92	93	94	95	96	97	98	99	100	101	102	103	104	104	104	105	106	107	108	109	110	111	112	113	114	115
1	1	1	1	1	1	1	1	1	1	1	1	1	1	1	1	1	1	1	1	1	1	1	1	1	1	1	1	1	1	1	0	1	1	1	1	1	1	1	1	1	1	1	1	1	1	1	1	1	1	1	1	1	1	0	0	1	1	1	1	1	1	1	1	1	1	0	51	52	53	54	55	56	57	58	59	60	61	62	63	64	65	66	67	68	69	70	71	72	73	74	75	77	78	78	79	80	81	81	82	83	84	86	87	88	89	90	91	92	93	94	95	96	97	98	99	100	101	102	103	104	104	104	105	106	107	108	109	110	111	112	113	114	166
1	1	1	1	1	1	1	1	1	1	1	1	1	1	1	1	1	1	1	1	1	1	1	1	1	1	1	1	1	1	0	1	1	1	1	0	0	0	0	0	1	1	1	1	1	1	1	1	1	1	1	1	1	1	0	0	1	1	1	1	1	1	1	1	1	1	1	51	52	53	54	55	56	57	58	59	60	61	62	63	65	66	67	68	69	70	71	72	73	74	75	76	77	78	79	80	81	81	82	84	85	86	86	86	86	86	86	87	88	89	90	91	92	93	94	95	96	97	98	99	100	100	100	101	102	103	104	105	106	107	108	109	110	111
1	1	1	1	1	1	1	1	1	1	1	1	1	1	1	1	1	1	1	1	1	1	1	1	1	1	1	1	1	1	1	1	1	1	1	1	1	0	0	1	1	1	1	1	1	1	1	1	1	1	1	1	1	1	0	0	1	1	1	1	1	1	1	1	1	1	1	51	52	53	54	55	56	57	58	59	60	61	63	64	65	66	67	68	69	70	71	72	73	74	75	76	77	78	79	80	81	82	83	85	86	87	88	89	89	89	90	91	92	93	94	95	96	97	98	99	100	101	102	103	104	104	104	105	106	107	108	109	110	111	112	113	114	115
1	1	1	1	1	1	1	1	1	1	1	1	1	1	1	1	1	1	1	1	1	1	1	1	1	1	1	1	1	1	1	1	1	1	1	1	1	0	0	1	1	1	1	1	1	1	1	1	1	1	1	1	1	1	0	0	1	1	1	1	1	1	1	1	1	1	1	51	52	53	54	55	56	57	58	59	60	61	62	63	65	66	67	68	69	70	71	72	73	74	75	76	77	78	79	80	81	82	83	85	86	87	88	89	89	89	90	91	92	93	94	95	96	97	98	99	100	101	102	103	104	104	104	105	106	107	108	109	110	111	112	113	114	115
1	1	1	1	1	1	1	1	1	1	1	1	1	1	1	1	1	1	1	1	1	1	1	1	0	1	1	1	1	1	1	1	1	0	0	1	1	1	1	0	0	1	1	1	1	1	1	1	1	1	1	1	1	1	1	1	1	1	1	1	1	1	1	1	1	1	0	51	52	53	54	55	56	57	58	59	60	61	62	63	65	66	67	68	69	70	71	72	73	74	75	75	76	77	78	79	80	81	82	84	84	84	85	86	87	88	88	88	89	90	91	92	93	94	95	96	97	98	99	100	101	102	103	104	105	106	107	108	109	110	111	112	113	165
1	1	1	1	1	1	1	1	1	1	1	1	1	1	1	1	1	1	1	1	1	1	1	1	1	1	1	1	1	1	1	1	0	1	1	1	1	0	0	1	1	1	1	1	1	1	1	1	1	1	1	1	1	1	0	0	1	1	1	1	1	1	1	1	1	1	1	51	52	53	54	55	56	57	58	59	60	61	62	63	65	66	67	68	69	70	71	72	73	74	75	76	80	83	84	85	87	87	88	89	90	91	88	89	89	89	90	91	92	93	94	95	96	97	98	99	100	101	102	103	104	104	104	105	106	107	108	109	110	111	112	113	114	115
1	1	1	1	1	1	1	1	1	1	1	1	1	1	1	1	1	1	1	1	1	1	1	1	1	1	1	1	1	1	0	1	1	0	1	0	0	0	0	0	1	1	1	1	1	1	1	1	1	1	1	1	1	1	0	0	1	1	1	1	1	1	1	1	1	1	1	51	52	53	54	55	56	57	58	59	60	61	62	63	65	66	67	68	69	70	71	72	73	74	75	76	77	78	79	80	81	81	82	84	89	86	86	86	86	86	86	87	88	89	90	91	92	93	94	95	96	97	98	99	100	100	100	101	102	103	104	105	106	107	108	109	110	111
1	1	1	1	1	1	1	1	1	1	1	1	1	1	1	1	1	1	1	1	0	0	1	1	1	1	1	1	1	0	0	1	1	1	1	1	0	0	0	0	1	1	1	1	0	1	1	1	1	1	1	1	1	1	0	0	1	1	1	1	1	1	1	1	1	1	0	51	52	53	54	55	56	57	58	59	60	61	62	63	65	66	67	68	69	70	71	70	71	74	75	76	77	80	79	82	82	91	83	75	75	75	75	79	93	93	93	91	92	93	94	97	96	97	98	99	100	101	102	103	104	104	104	105	106	107	108	109	110	111	112	113	114	166
1	1	1	1	1	1	1	1	1	1	1	1	1	1	1	1	1	1	1	1	1	1	1	1	1	1	1	1	1	1	0	0	1	1	1	1	1	1	1	1	1	1	1	1	1	1	1	1	1	1	1	1	1	1	1	1	1	1	1	1	1	1	1	1	1	1	1	51	52	53	54	55	56	57	58	59	60	61	63	64	65	66	67	68	69	70	71	72	73	74	75	77	78	79	80	81	82	82	82	83	84	85	87	88	89	90	91	92	93	94	95	96	97	98	99	100	101	102	103	104	105	106	107	108	109	110	111	112	113	114	115	116	117	118
1	1	1	1	1	1	1	1	1	1	1	1	1	1	1	1	1	1	1	1	1	1	1	1	1	1	1	1	1	1	1	1	1	1	1	1	1	0	0	1	1	1	1	1	1	1	1	1	1	1	1	1	1	1	0	0	1	1	1	1	1	1	1	1	1	1	1	51	52	53	54	55	56	57	58	59	60	61	62	63	65	66	67	68	69	70	71	72	73	74	75	76	77	78	79	80	81	82	83	85	86	87	88	89	89	89	90	91	92	93	94	95	96	97	98	99	100	101	102	103	104	104	104	105	106	107	108	109	110	111	112	113	114	115
1	1	1	1	1	1	1	1	1	1	1	1	1	1	1	1	1	1	1	1	1	1	1	1	1	1	1	1	1	1	0	1	1	1	1	0	0	0	0	0	1	1	1	1	1	1	1	1	1	1	1	1	1	1	0	0	1	1	1	1	1	1	1	1	1	1	1	51	52	53	54	55	56	57	58	59	60	61	62	63	65	66	67	68	69	70	71	72	73	74	75	76	77	78	79	80	81	81	82	84	85	86	86	86	86	86	86	87	88	89	90	91	92	93	94	95	96	97	98	99	100	100	100	101	102	103	104	105	106	107	108	109	110	111
1	1	1	1	1	1	1	1	1	1	1	1	1	1	1	1	1	1	1	1	1	1	1	1	1	1	1	1	1	1	0	1	1	1	1	0	1	1	0	1	0	0	1	1	1	1	1	1	1	1	1	1	1	1	0	0	1	1	1	1	1	1	1	1	1	1	1	51	52	53	54	55	56	57	58	59	60	61	62	63	65	66	67	68	69	70	71	72	73	74	87	89	77	78	79	80	81	81	82	84	82	79	75	76	76	79	81	80	91	89	92	91	92	93	94	95	96	97	98	99	100	100	100	101	102	103	104	105	106	107	108	109	110	111
1	1	1	1	1	1	1	1	1	1	1	1	1	1	1	1	1	1	1	1	1	1	1	1	1	1	1	1	1	1	1	1	1	1	1	1	1	0	0	1	1	1	1	1	1	1	1	1	1	1	1	1	1	1	0	0	1	1	1	1	1	1	1	1	1	1	1	51	52	53	54	55	56	57	58	59	60	61	62	63	65	66	67	68	69	70	71	72	73	74	75	76	77	78	79	80	81	82	83	85	86	87	88	89	89	89	90	91	92	93	94	95	96	97	98	99	100	101	102	103	104	104	104	105	106	107	108	109	110	111	112	113	114	115
1	1	1	1	1	1	1	1	1	1	1	1	1	1	1	1	1	1	1	1	1	1	1	1	1	0	0	1	1	1	1	1	1	1	1	0	0	0	0	0	1	1	1	1	1	1	1	1	1	1	1	1	1	1	0	0	1	1	1	1	1	1	1	1	1	1	1	51	52	53	54	55	56	57	58	59	60	61	62	63	65	66	67	68	69	70	71	72	73	74	75	76	76	76	77	78	79	80	81	84	85	86	86	86	86	86	86	87	88	89	90	91	92	93	94	95	96	97	98	99	100	100	100	101	102	103	104	105	106	107	108	109	110	111
1	1	1	1	1	1	1	1	1	1	1	1	1	1	1	1	1	1	1	1	1	1	1	1	1	1	1	1	1	1	0	1	1	1	1	1	1	0	0	0	1	1	1	1	1	1	1	1	1	1	1	1	1	1	0	0	1	1	1	1	1	1	1	1	1	1	1	51	52	53	54	55	56	57	58	59	60	61	62	63	65	66	67	68	69	70	71	72	73	74	75	76	77	78	79	80	81	81	82	83	82	83	84	85	85	85	86	87	88	89	90	91	92	93	94	95	96	97	98	99	100	100	100	101	102	103	104	105	106	107	108	109	110	111
1	1	1	1	1	1	1	1	1	1	1	1	1	1	1	1	1	1	1	1	1	1	1	1	0	1	1	1	1	1	1	1	1	0	0	1	1	1	1	0	0	1	1	1	1	1	1	1	1	1	1	1	1	1	1	1	1	1	1	1	1	1	1	1	1	1	0	51	52	53	54	55	56	57	58	59	60	61	62	63	65	66	67	68	69	70	71	72	73	74	75	75	76	77	78	79	80	79	80	83	83	83	84	85	86	87	87	87	88	89	90	91	92	93	94	95	96	97	98	99	100	101	102	103	104	105	106	107	108	109	110	111	112	164
1	1	1	1	1	1	1	1	1	1	1	1	1	1	1	1	1	1	1	1	1	1	1	1	1	1	1	1	1	1	0	1	1	1	1	0	0	0	0	0	1	1	1	1	1	1	1	1	1	1	1	1	1	1	0	0	1	1	1	1	1	1	1	1	1	1	1	51	52	53	54	55	56	57	58	59	60	61	62	63	65	66	67	68	69	70	71	72	73	74	75	76	77	78	79	80	81	81	82	84	85	86	86	86	86	86	86	87	88	89	90	91	92	93	94	95	96	97	98	99	100	100	100	101	102	103	104	105	106	107	108	109	110	111
1	1	1	1	1	1	1	1	1	1	0	0	0	1	1	1	1	1	1	1	1	1	1	1	1	1	1	1	1	1	0	0	1	1	1	1	1	1	1	1	1	1	1	1	1	1	1	1	1	1	1	1	1	1	1	1	1	1	1	1	1	1	1	1	1	1	1	51	52	53	54	55	56	57	58	59	60	60	60	61	62	63	64	65	66	67	68	69	70	71	72	74	75	76	77	78	79	79	79	80	81	82	83	84	85	86	87	88	89	90	91	92	93	94	95	96	97	98	99	100	101	102	103	104	105	106	107	108	109	110	111	112	113	114
1	1	1	1	1	1	1	1	1	1	1	1	1	1	1	1	1	1	1	1	1	1	1	1	1	1	1	1	1	1	0	0	1	1	1	1	1	1	1	1	1	1	1	1	1	1	1	1	1	1	1	1	1	1	1	1	1	1	1	1	1	1	1	1	1	1	1	51	52	53	54	55	56	57	58	59	60	61	62	63	64	65	66	67	68	69	70	71	72	73	74	76	77	78	79	80	81	81	81	82	83	84	85	86	87	88	89	90	91	92	93	94	95	96	97	98	99	100	101	102	103	104	105	106	107	108	109	110	111	112	113	114	115	116
1	1	1	1	1	1	1	1	1	1	1	1	1	1	1	1	1	1	1	1	1	1	1	1	1	1	1	1	1	1	1	1	1	1	1	1	1	0	0	1	1	1	1	1	1	1	1	1	1	1	1	1	1	1	0	0	1	1	1	1	1	1	1	1	1	1	1	51	52	53	54	55	56	57	58	59	60	61	62	63	64	65	66	67	68	69	70	71	72	73	74	75	76	77	78	79	80	81	82	84	85	86	87	88	88	88	89	90	91	92	93	94	95	96	97	98	99	100	101	102	103	103	103	104	105	106	107	108	109	110	111	112	113	114
1	1	1	1	1	1	1	1	1	1	1	1	1	1	1	1	1	1	1	1	1	1	1	1	1	1	1	1	1	1	0	1	1	1	1	0	0	0	0	0	1	1	1	1	1	1	1	1	1	1	1	1	1	1	0	0	1	1	1	1	1	1	1	1	1	1	1	51	52	53	54	55	56	57	58	59	60	61	62	64	66	67	68	69	70	71	72	73	74	75	76	77	78	79	80	81	82	82	83	85	86	87	87	87	87	87	87	88	89	90	91	92	93	94	95	96	97	98	99	100	101	101	101	102	103	104	105	106	107	108	109	110	111	112
1	1	1	1	1	1	1	1	1	1	1	1	1	1	1	1	1	1	1	1	1	1	1	1	1	1	1	1	1	1	0	1	1	0	1	0	0	0	0	0	1	1	1	1	1	1	1	1	1	1	1	1	1	1	0	0	1	1	1	1	1	1	1	1	1	1	1	51	52	53	54	55	56	57	58	59	60	61	62	64	66	67	68	69	70	71	72	73	74	75	76	77	78	79	80	81	82	82	83	84	84	86	85	85	86	87	87	88	89	90	91	92	93	94	95	96	97	98	99	100	101	101	101	102	103	104	105	106	107	108	109	110	111	112
1	1	1	1	1	1	1	1	1	1	1	1	1	1	1	1	1	1	1	1	1	1	1	1	1	1	1	1	1	1	0	1	1	1	1	0	0	0	1	0	0	1	1	1	1	1	1	1	1	1	1	1	1	1	0	0	1	1	1	1	1	1	1	1	1	1	1	51	52	53	54	55	56	57	58	59	60	61	62	63	65	66	67	68	69	70	71	72	73	74	75	76	77	78	79	80	81	81	82	84	85	86	89	78	89	80	74	74	88	89	90	91	92	93	94	95	96	97	98	99	100	100	100	101	102	103	104	105	106	107	108	109	110	111
1	1	1	1	1	1	1	1	1	1	1	1	1	1	1	1	1	1	1	1	1	1	1	1	1	1	1	1	1	1	0	1	1	0	1	1	1	1	0	0	1	1	1	1	1	1	1	1	1	1	1	1	1	1	0	0	1	1	1	1	1	1	1	1	1	1	1	51	52	53	54	55	56	57	58	59	60	61	62	63	65	66	67	68	69	70	71	72	73	74	75	76	77	78	79	80	81	81	82	84	82	79	82	83	84	86	86	87	88	89	90	91	92	93	94	95	96	97	98	99	100	100	100	101	102	103	104	105	106	107	108	109	110	111
1	1	1	1	1	1	1	1	1	1	1	1	1	1	1	1	1	1	1	1	1	1	1	1	1	1	1	1	1	1	0	1	1	1	1	0	0	0	0	0	1	1	1	1	1	1	1	1	1	1	1	1	1	1	0	0	1	1	1	1	1	1	1	1	1	1	1	51	52	53	54	55	56	57	58	59	60	61	62	63	64	65	66	67	68	69	70	71	72	73	74	75	76	77	78	79	80	80	82	84	85	86	86	86	86	86	86	87	88	89	90	91	92	93	94	95	96	97	98	99	100	100	100	101	102	103	104	105	106	107	108	109	110	111
1	1	1	1	1	1	1	1	1	1	1	1	1	1	1	1	1	1	1	1	1	1	1	1	1	1	1	1	1	1	1	1	1	1	1	1	1	0	0	1	1	1	1	1	1	1	1	1	1	1	1	1	0	1	0	0	1	1	1	1	1	1	1	1	1	1	1	51	52	53	54	55	56	57	58	59	60	61	62	63	65	66	67	68	69	70	71	72	73	74	75	76	77	78	79	80	81	82	83	85	86	87	88	89	89	89	90	91	92	93	94	95	96	97	98	99	100	101	102	102	103	103	103	104	105	106	107	108	109	110	111	112	113	114
1	1	1	1	1	1	1	1	1	1	1	1	1	1	1	1	1	1	1	1	1	1	1	1	1	0	0	1	1	1	1	1	1	1	0	0	0	1	0	1	1	1	1	1	1	1	1	1	1	1	1	1	1	1	0	0	1	1	1	1	1	1	1	1	1	1	1	51	52	53	54	55	56	57	58	59	60	61	62	63	65	66	67	68	69	70	71	72	73	74	75	76	73	73	74	80	81	82	83	96	96	96	96	96	100	77	87	90	92	93	94	95	96	97	98	99	100	101	102	103	104	104	104	105	106	107	108	109	110	111	112	113	114	115
1	1	1	1	1	1	1	1	1	1	1	1	1	1	1	1	1	1	1	1	1	1	1	1	1	1	1	1	1	1	0	0	1	1	1	1	1	1	1	1	1	1	1	1	1	1	1	1	1	1	1	1	1	1	1	1	1	1	1	1	1	1	1	1	1	1	0	51	52	53	54	55	56	57	58	59	60	61	63	64	65	66	67	68	69	70	71	72	73	74	75	77	78	79	80	81	82	82	82	83	84	85	86	87	88	89	90	91	92	93	94	95	96	97	98	99	100	101	102	103	104	105	106	107	108	109	110	111	112	113	114	115	116	168
1	1	1	1	1	1	1	1	1	1	1	1	1	1	1	1	1	1	1	1	1	1	1	1	1	1	0	1	1	1	0	1	1	1	1	0	0	0	0	0	1	1	1	1	1	1	1	1	1	1	1	1	1	1	0	0	1	1	1	1	1	1	1	1	1	1	1	51	52	53	54	55	56	57	58	59	60	61	62	63	66	67	68	69	70	71	72	73	74	75	76	77	87	85	86	81	82	82	83	85	86	87	87	87	87	87	87	88	89	90	91	92	93	94	95	96	97	98	99	100	101	101	101	102	103	104	105	106	107	108	109	110	111	112
1	1	1	1	1	1	1	1	1	1	1	1	1	1	1	1	1	1	1	1	1	1	1	1	1	1	1	1	1	1	1	1	1	1	1	1	1	0	0	1	1	1	1	1	1	1	1	1	1	1	1	1	1	1	0	0	1	1	1	1	1	1	1	1	1	1	1	51	52	53	54	55	56	57	58	59	60	61	62	63	65	66	67	68	69	70	71	72	73	74	75	76	77	78	79	80	81	82	83	85	86	87	88	89	89	89	90	91	92	93	94	95	96	97	98	99	100	101	102	103	104	104	104	105	106	107	108	109	110	111	112	113	114	115
1	1	1	1	1	1	1	1	1	1	1	1	1	1	1	1	1	1	1	1	1	1	1	1	1	1	1	1	1	1	1	1	1	1	1	1	1	0	0	1	1	1	1	1	1	1	1	1	1	1	1	1	1	1	0	0	1	1	1	1	1	1	1	1	1	1	1	51	52	53	54	55	56	57	58	59	60	61	62	63	65	66	67	68	69	70	71	72	73	74	75	76	77	78	79	80	81	82	83	85	86	87	88	89	89	89	90	91	92	93	94	95	96	97	98	99	100	101	102	103	104	104	104	105	106	107	108	109	110	111	112	113	114	115
1	1	1	1	1	1	1	1	1	1	1	1	1	1	1	1	1	1	1	1	1	1	1	1	1	1	1	1	1	1	1	1	1	1	1	1	1	0	0	1	1	1	1	1	1	1	1	1	1	1	1	1	1	1	0	0	1	1	1	1	1	1	1	1	1	1	0	51	52	53	54	55	56	57	58	59	60	61	62	63	65	66	67	68	69	70	71	72	73	74	75	76	77	78	79	80	81	82	83	85	86	87	88	89	89	89	90	91	92	93	94	95	96	97	98	99	100	101	102	103	104	104	104	105	106	107	108	109	110	111	112	113	114	166
1	1	1	1	1	1	1	1	1	1	1	1	1	1	1	1	1	1	1	1	1	1	1	1	1	1	1	1	1	1	1	1	1	1	1	1	1	0	0	0	1	0	0	1	0	1	1	1	1	1	1	1	1	1	0	0	1	1	1	1	1	1	1	1	1	1	1	51	52	53	54	55	56	57	58	59	60	61	62	63	65	66	67	68	69	70	71	72	73	74	75	76	77	78	89	90	81	82	83	85	86	87	88	89	89	94	94	74	95	96	97	96	98	97	100	101	100	101	102	103	104	104	104	105	106	107	108	109	110	111	112	113	114	115
1	1	1	1	1	1	1	1	1	1	1	1	1	1	1	1	1	1	1	1	1	1	1	1	1	1	1	1	1	1	1	1	1	1	1	1	1	0	1	1	1	1	1	1	1	1	1	1	1	1	1	1	1	1	0	0	1	1	1	1	1	1	1	1	1	1	1	51	52	53	54	55	56	57	58	59	60	61	62	64	65	66	67	68	69	70	71	72	73	74	75	76	77	78	79	80	81	82	83	85	86	87	88	89	89	89	90	91	92	93	94	95	96	97	98	99	100	101	102	103	104	104	104	105	106	107	108	109	110	111	112	113	114	115
1	1	1	1	1	1	1	1	1	1	1	1	1	1	1	1	1	1	1	1	1	1	1	1	1	1	1	1	1	1	0	0	1	1	1	1	1	1	1	1	1	1	1	1	1	1	1	1	1	1	1	1	1	1	1	1	1	1	1	1	1	1	1	1	1	1	1	51	52	53	54	55	56	57	58	59	60	61	62	63	64	65	66	67	68	69	70	71	72	73	74	76	77	78	79	80	81	81	81	82	83	84	85	86	87	88	89	90	91	92	93	94	95	96	97	98	99	100	101	102	103	104	105	106	107	108	109	110	111	112	113	114	115	116
1	1	1	1	1	1	1	1	1	1	1	1	1	1	1	1	1	1	1	1	1	1	1	1	1	1	1	1	1	1	1	1	1	1	1	1	1	0	0	1	1	1	1	1	1	1	1	1	1	1	1	1	1	1	0	0	1	1	1	1	1	1	1	1	1	1	1	51	52	53	54	55	56	57	58	59	60	61	62	63	65	66	67	68	69	70	71	72	73	74	75	76	77	78	79	80	81	82	83	85	86	87	88	89	89	89	90	91	92	93	94	95	96	97	98	99	100	101	102	103	104	104	104	105	106	107	108	109	110	111	112	113	114	115
1	1	1	1	1	1	1	1	1	1	1	1	1	1	1	1	1	1	1	1	1	1	1	1	1	1	1	1	1	1	0	1	1	1	1	0	0	0	0	0	1	1	1	1	1	1	1	1	1	1	1	1	1	1	0	0	1	1	1	1	1	1	1	1	1	1	1	51	52	53	54	55	56	57	58	59	60	61	62	63	65	66	67	68	69	70	71	72	73	74	75	76	77	78	79	80	81	81	82	84	85	86	86	86	86	86	86	87	88	89	90	91	92	93	94	95	96	97	98	99	100	100	100	101	102	103	104	105	106	107	108	109	110	111
1	1	1	1	1	1	1	1	1	1	1	1	1	1	1	1	1	1	1	1	1	1	1	1	1	1	1	1	1	1	1	1	1	1	1	1	1	0	0	1	1	1	1	1	1	1	1	1	1	1	1	1	1	1	0	0	1	1	1	1	1	1	1	1	1	1	1	51	52	53	54	55	56	57	58	59	60	61	62	63	65	66	67	68	69	70	71	72	73	74	75	76	77	78	79	80	81	82	83	85	86	87	88	89	89	89	90	91	92	93	94	95	96	97	98	99	100	101	102	103	104	104	104	105	106	107	108	109	110	111	112	113	114	115
1	1	1	1	1	1	1	1	1	1	1	1	1	1	1	1	1	1	1	1	1	1	1	1	1	1	1	0	0	1	0	0	0	0	0	0	0	1	1	0	0	1	1	1	1	1	1	1	1	1	1	1	1	1	1	1	1	0	1	1	1	1	1	1	1	1	1	51	52	53	54	55	56	57	58	59	60	61	62	63	65	66	67	68	69	70	71	72	73	74	75	76	77	78	77	78	79	79	79	80	81	81	81	82	82	83	83	83	84	85	86	87	88	89	90	91	92	93	94	95	96	97	98	99	99	99	100	101	102	103	104	105	106	107
1	1	1	1	1	1	1	1	1	1	1	1	1	1	1	1	1	1	1	1	1	1	1	1	1	1	1	1	1	1	0	0	1	1	1	1	1	1	1	1	1	1	1	1	1	1	1	1	1	1	1	1	1	1	1	1	1	1	1	1	1	1	1	1	1	1	1	51	52	53	54	55	56	57	58	59	60	61	62	63	64	65	66	67	68	69	70	71	72	73	74	75	77	78	79	80	81	81	81	82	83	84	85	86	87	88	89	90	91	92	93	94	95	96	97	98	99	100	101	102	103	104	105	106	107	108	109	110	111	112	113	114	115	116
1	1	1	1	1	1	1	1	1	1	1	1	1	1	1	1	1	1	1	1	1	1	1	1	1	1	1	1	1	1	0	0	1	1	1	1	1	1	1	1	1	1	1	1	1	1	1	1	1	1	1	1	1	1	1	1	1	1	1	1	1	1	1	1	1	1	0	51	52	53	54	55	56	57	58	59	60	61	62	63	64	65	66	67	68	69	70	71	72	73	74	75	76	77	79	80	80	81	81	82	83	84	86	87	88	89	90	91	92	93	94	95	96	97	98	99	100	101	102	103	104	105	106	107	108	109	110	111	112	113	114	115	116	168
1	1	1	1	1	1	1	1	1	1	0	1	1	1	1	1	1	1	1	1	1	1	1	1	1	1	1	1	1	1	1	0	1	1	1	1	1	1	1	1	1	1	1	1	1	1	1	1	1	1	1	1	1	1	0	0	1	1	1	1	1	1	1	1	1	1	0	51	52	53	54	55	56	57	58	59	60	60	63	64	65	66	67	68	69	70	71	72	73	74	75	76	77	78	79	80	81	82	82	83	84	85	87	88	89	90	91	92	93	94	95	96	97	98	99	100	101	102	103	104	105	105	105	106	107	108	109	110	111	112	113	114	115	167
1	1	1	1	1	1	1	1	1	1	1	1	1	1	1	1	1	1	1	1	1	1	1	1	1	1	1	1	1	1	0	0	1	1	1	1	1	1	1	1	1	1	1	1	1	1	1	1	1	1	1	1	1	1	1	1	1	1	1	1	1	1	1	1	1	1	1	51	52	53	54	55	56	57	58	59	60	61	62	63	64	65	66	67	68	69	70	71	72	73	74	76	77	78	79	80	81	81	81	82	83	84	86	87	88	89	90	91	92	93	94	95	96	97	98	99	100	101	102	103	104	105	106	107	108	109	110	111	112	113	114	115	116	117
1	1	1	1	1	1	1	1	1	1	1	1	1	1	1	1	1	1	1	1	1	1	1	1	1	1	1	1	1	1	1	1	1	1	1	0	1	0	0	1	1	1	1	1	1	1	1	1	1	1	1	1	1	1	0	0	1	1	1	1	1	1	1	1	1	1	1	51	52	53	54	55	56	57	58	59	60	61	62	63	65	66	67	68	69	70	71	72	73	74	75	76	81	83	84	85	87	86	89	90	91	91	92	93	89	89	90	91	92	93	94	95	96	97	98	99	100	101	102	103	104	104	104	105	106	107	108	109	110	111	112	113	114	115
1	1	1	1	1	1	1	1	1	1	1	1	1	1	1	1	1	1	1	1	1	1	1	1	1	1	1	1	1	1	1	1	1	1	1	1	1	0	0	1	1	1	1	1	1	1	1	1	1	1	1	1	1	1	0	0	1	1	1	1	1	1	1	1	1	1	1	51	52	53	54	55	56	57	58	59	60	61	62	63	65	66	67	68	69	70	71	72	73	74	75	76	77	78	79	80	81	82	83	85	86	87	88	89	89	89	90	91	92	93	94	95	96	97	98	99	100	101	102	103	104	104	104	105	106	107	108	109	110	111	112	113	114	115
1	1	1	1	1	1	1	1	1	1	1	1	1	1	1	1	1	1	1	1	1	1	1	1	0	0	0	0	0	1	0	1	1	1	1	0	0	0	0	0	1	1	1	1	1	1	1	1	1	1	1	1	1	1	0	0	1	1	1	1	1	1	1	1	1	1	1	51	52	53	54	55	56	57	58	59	60	61	62	63	65	66	67	68	69	70	71	72	73	74	75	82	83	84	85	86	81	81	82	84	85	86	86	86	86	86	86	87	88	89	90	91	92	93	94	95	96	97	98	99	100	100	100	101	102	103	104	105	106	107	108	109	110	111
1	1	1	1	1	1	1	1	1	1	0	0	1	1	1	1	1	1	1	1	1	1	1	1	1	1	1	1	1	1	0	0	1	1	1	1	1	1	1	1	1	1	1	1	1	1	1	1	1	1	1	1	1	1	1	1	1	1	1	1	1	1	1	1	1	1	1	51	52	53	54	55	56	57	58	59	60	60	60	61	62	63	64	65	66	67	68	69	70	71	72	73	75	75	76	78	79	79	79	80	81	82	83	84	85	86	87	88	89	90	91	92	93	94	95	96	97	98	99	100	101	102	103	104	105	106	107	108	109	110	111	112	113	114
0	0	1	1	1	1	1	1	1	1	1	1	1	1	1	1	1	1	1	1	1	1	1	1	1	1	1	1	1	1	0	0	1	1	1	1	1	1	1	1	1	1	1	1	1	1	1	1	1	1	1	1	1	1	1	1	1	1	1	1	1	1	1	1	1	1	0	0	0	46	49	52	51	52	53	54	55	56	57	58	59	60	61	62	63	64	65	66	67	68	69	71	72	73	74	75	76	76	76	77	78	79	81	82	83	84	85	86	87	88	89	90	91	92	93	94	95	96	97	98	99	100	101	102	103	104	105	106	107	108	109	110	111	163
1	1	1	1	1	1	1	1	1	1	1	1	1	1	1	1	1	1	1	1	1	1	1	1	1	1	1	1	1	1	1	1	1	1	1	1	1	0	0	1	1	1	1	1	1	1	1	1	1	1	1	1	1	1	0	0	1	1	1	1	1	1	1	1	1	1	1	51	52	53	54	55	56	57	58	59	60	61	62	63	65	66	67	68	69	70	71	72	73	74	75	76	77	78	79	80	81	82	83	85	86	87	88	89	89	89	90	91	92	93	94	95	96	97	98	99	100	101	102	103	104	104	104	105	106	107	108	109	110	111	112	113	114	115
1	1	1	1	1	1	1	1	1	1	1	1	1	1	1	1	1	1	1	1	1	1	1	1	1	1	1	1	1	1	1	1	1	1	1	1	1	0	0	1	1	1	1	1	1	1	1	1	1	1	1	1	1	1	0	0	1	1	1	1	1	1	1	1	1	1	1	51	52	53	54	55	56	57	58	59	60	61	62	63	65	66	67	68	69	70	71	72	73	74	75	76	77	78	79	80	81	82	83	85	86	87	88	89	89	89	90	91	92	93	94	95	96	97	98	99	100	101	102	103	104	104	104	105	106	107	108	109	110	111	112	113	114	115
1	1	1	1	1	1	1	1	1	0	0	0	0	0	0	0	1	1	1	1	1	1	1	1	0	0	0	0	0	1	0	1	0	1	0	1	0	0	1	0	0	1	0	1	1	1	1	1	1	1	1	1	1	1	1	1	1	0	0	1	1	1	1	1	1	0	0	5	6	7	8	9	10	11	12	20	12	12	12	12	12	12	12	13	14	23	24	25	26	27	28	28	28	28	28	29	37	37	39	40	43	43	45	44	47	31	36	49	50	49	53	54	55	56	57	58	59	60	61	62	64	65	66	67	67	67	68	69	70	71	72	73	127	127
1	1	1	1	1	1	1	1	1	1	1	1	1	1	1	1	1	1	1	1	1	1	1	1	1	1	1	1	1	1	0	0	1	1	1	1	1	1	1	1	1	1	1	1	1	1	1	1	1	1	1	1	1	1	1	1	1	1	1	1	1	1	1	1	1	1	1	51	52	53	54	55	56	57	58	59	60	61	62	63	64	65	66	67	68	69	70	71	72	73	74	76	77	78	79	80	81	81	81	82	83	84	86	87	88	89	90	91	92	93	94	95	96	97	98	99	100	101	102	103	104	105	106	107	108	109	110	111	112	113	114	115	116	117
0	0	1	1	1	1	1	1	1	1	1	1	1	1	1	1	1	1	1	1	1	1	1	1	1	1	1	1	1	1	1	1	1	1	1	1	1	0	0	1	1	1	1	1	1	1	1	1	1	1	1	1	1	1	0	0	1	1	1	1	1	1	1	1	1	1	0	0	0	52	50	44	45	56	57	58	59	60	60	62	63	64	65	66	67	68	69	70	71	72	73	74	75	76	77	78	79	80	81	83	84	85	86	87	87	87	88	89	90	91	92	93	94	95	96	97	98	99	100	101	102	102	102	103	104	105	106	107	108	109	110	111	112	161
1	1	1	1	1	1	1	1	1	1	1	1	1	1	1	1	1	1	1	1	1	1	1	1	1	1	1	1	1	1	1	1	1	1	1	1	1	0	0	1	1	1	1	1	1	1	1	1	1	1	1	1	1	1	0	0	1	1	1	1	1	1	1	1	1	1	1	51	52	53	54	55	56	57	58	59	60	61	62	63	65	66	67	68	69	70	71	72	73	74	75	76	77	78	79	80	81	82	83	85	86	87	88	89	89	89	90	91	92	93	94	95	96	97	98	99	100	101	102	103	104	104	104	105	106	107	108	109	110	111	112	113	114	115
1	1	1	1	1	1	1	1	1	1	1	1	1	1	1	1	1	1	1	1	1	1	1	1	1	1	1	1	1	1	0	1	1	1	1	0	0	0	0	0	1	1	1	1	1	1	1	1	1	1	1	1	1	1	0	0	1	1	1	1	1	1	1	1	1	1	1	51	52	53	54	55	56	57	58	59	60	61	62	63	65	66	67	68	69	70	71	72	73	74	75	76	77	78	79	80	81	81	82	84	85	86	86	86	86	86	86	87	88	89	90	91	92	93	94	95	96	97	98	99	100	100	100	101	102	103	104	105	106	107	108	109	110	111
1	1	1	1	1	1	1	1	0	0	0	1	1	1	1	1	1	1	1	1	1	1	1	1	1	1	1	1	0	0	0	0	1	1	1	1	0	1	1	1	0	1	1	0	1	1	1	1	1	1	1	1	1	1	1	1	1	0	0	1	1	1	1	1	1	1	1	51	52	53	54	55	56	57	58	58	58	58	62	63	65	66	67	68	69	70	71	72	73	63	64	72	72	80	78	78	79	79	79	79	81	82	83	83	80	79	82	82	83	84	84	87	88	89	90	91	92	93	94	95	96	97	98	99	99	99	100	101	102	103	104	105	106	107
1	1	1	1	1	1	1	1	1	1	1	1	1	1	1	1	1	1	1	1	1	1	1	1	1	1	1	1	1	1	1	1	1	1	1	1	1	0	0	1	1	1	1	1	1	1	1	1	1	1	1	1	1	1	0	0	1	1	1	1	1	1	1	1	1	1	1	51	52	53	54	55	56	57	58	59	60	61	62	63	65	66	67	68	69	70	71	72	73	74	75	76	77	78	79	80	81	82	83	85	86	87	88	89	89	89	90	91	92	93	94	95	96	97	98	99	100	101	102	103	104	104	104	105	106	107	108	109	110	111	112	113	114	115
1	1	1	1	1	1	1	1	1	1	1	1	1	1	1	1	1	1	1	1	1	1	1	1	1	1	1	1	1	1	0	0	1	1	1	1	1	1	1	1	1	1	1	1	1	1	1	1	1	1	1	1	1	1	1	1	1	1	1	1	1	1	1	1	1	1	0	51	52	53	54	55	56	57	58	59	60	61	62	63	64	65	66	67	68	69	70	71	72	73	74	75	76	78	79	79	80	81	81	82	83	84	86	87	88	89	90	91	92	93	94	95	96	97	98	99	100	101	102	103	104	105	106	107	108	109	110	111	112	113	114	115	116	168
1	1	1	1	1	1	1	1	1	1	1	1	1	1	1	1	1	1	1	1	1	1	1	1	1	1	1	1	1	1	1	1	1	1	1	1	1	0	0	1	1	1	1	1	1	1	1	1	1	1	1	1	1	1	0	0	1	1	1	1	1	1	1	1	1	1	1	51	52	53	54	55	56	57	58	59	60	61	62	63	65	66	67	68	69	70	71	72	73	74	75	76	77	78	79	80	81	82	83	85	86	87	88	89	89	89	90	91	92	93	94	95	96	97	98	99	100	101	102	103	104	104	104	105	106	107	108	109	110	111	112	113	114	115
1	1	1	1	1	1	1	1	1	0	0	1	1	1	1	1	1	1	1	1	1	1	0	1	1	1	1	0	1	1	0	1	0	0	1	1	0	0	1	1	0	1	1	1	1	1	1	1	0	1	0	1	1	1	1	1	0	0	0	1	1	1	1	1	1	0	0	51	52	53	54	55	56	57	58	59	59	59	60	61	63	64	64	65	66	67	68	63	70	68	79	70	71	71	70	71	72	79	85	84	87	85	74	88	75	77	77	77	80	81	100	103	83	100	101	104	105	86	87	100	88	89	90	90	90	90	91	92	93	94	95	112	164	164
1	1	1	1	1	1	1	1	1	1	1	1	1	1	1	1	1	1	1	1	1	1	1	1	0	0	0	1	0	0	0	0	0	1	1	0	0	1	1	1	0	1	1	1	1	1	1	1	1	1	1	1	1	1	0	0	1	1	1	1	1	1	1	1	1	1	1	60	61	62	63	64	65	66	67	68	69	70	71	72	74	75	76	77	78	79	80	81	82	83	84	84	84	84	102	85	84	85	91	94	88	89	89	89	98	97	99	100	101	100	101	101	102	106	107	108	109	110	111	112	113	113	113	114	115	116	117	118	119	120	121	122	123	124
1	1	1	1	1	1	1	1	1	1	1	1	1	1	1	1	1	1	1	1	1	1	1	1	1	1	1	1	1	1	1	1	1	1	1	1	1	0	0	1	1	1	1	1	1	1	1	1	1	1	1	1	1	1	0	0	1	1	1	1	1	1	1	1	1	1	1	51	52	53	54	55	56	57	58	59	60	61	62	63	65	66	67	68	69	70	71	72	73	74	75	76	77	78	79	80	81	82	83	85	86	87	88	89	89	89	90	91	92	93	94	95	96	97	98	99	100	101	102	103	104	104	104	105	106	107	108	109	110	111	112	113	114	115
1	1	1	1	1	1	1	1	1	1	1	1	1	1	1	1	1	1	1	1	1	1	1	1	1	1	1	1	1	1	0	1	1	1	1	0	0	0	0	0	1	1	1	1	1	1	1	1	1	1	1	1	1	1	0	0	1	1	1	1	1	1	1	1	1	1	1	51	52	53	54	55	56	57	58	59	60	61	62	63	65	66	67	68	69	70	71	72	73	74	75	76	77	78	79	80	81	81	82	83	84	85	85	85	85	86	86	87	88	89	90	91	92	93	94	95	96	97	98	99	100	100	100	101	102	103	104	105	106	107	108	109	110	111
1	1	1	1	1	1	1	1	1	1	1	1	1	1	1	1	1	1	1	1	1	1	1	1	1	1	1	1	1	1	0	0	1	1	1	1	1	1	1	1	1	1	1	1	1	1	1	1	1	1	1	1	1	1	1	1	1	1	1	1	1	1	1	1	1	1	1	51	52	53	54	55	56	57	58	59	60	61	62	63	64	65	66	67	68	69	70	71	72	73	74	76	77	78	79	80	81	81	81	82	83	84	86	87	88	89	90	91	92	93	94	95	96	97	98	99	100	101	102	103	104	105	106	107	108	109	110	111	112	113	114	115	116	117
1	1	1	1	1	1	1	1	1	1	1	1	1	1	1	1	1	1	1	1	1	1	1	1	1	1	1	1	1	1	0	0	1	1	1	1	1	1	1	1	1	1	1	1	1	1	1	1	1	1	1	1	1	1	1	1	1	1	1	1	1	1	1	1	1	1	0	51	52	53	54	55	56	57	58	59	60	61	62	63	64	65	66	67	68	69	70	71	72	73	74	75	77	78	79	80	81	81	81	82	83	84	86	87	88	89	90	91	92	93	94	95	96	97	98	99	100	101	102	103	104	105	106	107	108	109	110	111	112	113	114	115	116	168
1	1	1	1	1	1	1	1	1	1	1	1	1	1	1	1	1	1	1	1	1	1	1	1	1	1	1	1	1	1	0	1	1	1	1	1	1	0	0	0	1	1	1	1	1	1	1	1	1	1	1	1	1	1	0	0	1	1	1	1	1	1	1	1	1	1	1	51	52	53	54	55	56	57	58	59	60	61	62	63	65	66	67	68	69	70	71	72	73	74	75	76	77	78	79	80	81	81	82	83	85	83	84	85	85	86	86	87	88	89	90	91	92	93	94	95	96	97	98	99	100	100	100	101	102	103	104	105	106	107	108	109	110	111
1	1	1	1	1	1	1	1	1	1	1	1	1	1	1	1	1	1	1	1	1	1	1	1	1	1	1	1	1	1	0	1	1	1	0	1	1	0	0	1	1	1	1	1	1	1	1	1	1	1	1	1	1	1	0	0	1	1	1	1	1	1	1	1	1	1	1	51	52	53	54	55	56	57	58	59	60	61	62	63	65	66	67	68	69	70	71	72	73	74	75	76	77	78	79	80	81	81	82	84	85	76	82	81	82	77	85	87	88	89	90	91	92	93	94	95	96	97	98	99	100	100	100	101	102	103	104	105	106	107	108	109	110	111
1	1	1	1	1	1	1	1	1	1	1	1	1	1	1	1	1	1	1	1	1	1	1	1	1	1	1	1	1	1	0	0	1	1	1	1	1	1	1	1	1	1	1	1	1	1	1	1	1	1	1	1	1	1	1	1	1	1	1	1	1	1	1	1	1	1	1	51	52	53	54	55	56	57	58	59	60	61	62	63	64	65	66	67	68	69	70	71	72	73	74	90	77	78	90	80	81	81	81	82	83	84	86	79	80	86	87	91	92	93	94	95	96	97	98	99	98	101	102	103	104	105	106	107	108	109	110	111	112	113	114	115	116	117
1	1	1	1	1	1	1	1	1	1	1	1	1	1	1	1	1	1	1	1	1	1	1	1	1	1	1	1	1	1	1	1	1	1	1	1	1	0	0	1	1	1	1	1	1	1	1	1	1	1	1	1	1	1	0	0	1	1	1	1	1	1	1	1	1	1	1	51	52	53	54	55	56	57	58	59	60	61	62	63	65	66	67	68	69	70	71	72	73	74	75	76	77	78	79	80	81	82	83	85	86	87	88	89	89	89	90	91	92	93	94	95	96	97	98	99	100	101	102	103	104	104	104	105	106	107	108	109	110	111	112	113	114	115
1	1	1	1	1	1	1	1	1	1	1	1	1	1	1	1	1	1	1	1	1	1	1	1	1	1	1	1	1	1	0	1	1	0	0	1	1	0	0	1	1	1	1	1	1	1	1	1	1	1	1	1	1	1	0	0	1	1	1	1	1	1	1	1	1	1	1	51	52	53	54	55	56	57	58	59	60	61	62	63	64	65	66	67	68	69	70	71	72	73	74	75	76	77	78	79	80	80	81	82	82	82	83	84	84	84	85	86	87	88	89	90	91	92	93	94	95	96	97	98	99	99	100	101	102	102	103	104	105	106	107	108	109	110
1	1	1	1	1	1	1	1	1	1	1	1	1	1	1	1	1	1	1	1	1	1	1	1	1	1	1	1	1	1	0	1	1	0	1	1	0	0	0	0	1	1	1	1	1	1	1	1	1	1	1	1	1	1	0	0	1	1	1	1	1	1	1	1	1	1	1	51	52	53	54	55	56	57	58	59	60	61	62	63	66	67	68	69	70	71	72	73	74	75	76	77	78	79	80	80	81	81	83	84	84	84	85	86	86	87	87	88	89	90	91	92	93	94	95	96	97	98	99	100	101	101	101	102	103	104	105	106	107	108	109	110	111	112
1	1	1	1	1	1	1	1	1	1	1	1	1	1	1	1	1	1	1	1	1	1	1	1	0	1	1	1	1	1	1	1	1	0	0	1	1	1	1	0	0	1	1	1	1	1	1	1	1	1	1	1	1	1	1	1	1	1	1	1	1	1	1	1	1	1	0	51	52	53	54	55	56	57	58	59	60	61	62	63	65	66	67	68	69	70	71	72	73	74	75	75	76	77	78	79	80	81	82	84	84	84	85	84	85	87	87	87	88	89	90	91	92	93	94	95	96	97	98	99	100	101	102	103	104	105	106	107	108	109	110	111	112	164
1	1	1	1	1	1	1	1	1	1	1	1	1	1	1	1	1	1	1	1	1	1	1	1	1	1	1	1	1	1	0	0	1	1	1	1	1	1	1	1	1	1	1	1	1	1	1	1	1	1	1	1	1	1	1	1	1	1	1	1	1	1	1	1	1	1	1	51	52	53	54	55	56	57	58	59	60	61	62	63	64	65	66	67	68	69	70	71	72	73	74	76	77	78	79	80	81	81	81	82	83	84	86	87	88	89	90	91	92	93	94	95	96	97	98	99	100	101	102	103	104	105	106	107	108	109	110	111	112	113	114	115	116	117
1	1	1	1	1	1	1	1	1	1	1	1	1	1	1	1	1	1	1	1	1	1	1	1	1	0	0	1	1	1	1	1	1	1	1	0	0	0	0	0	1	1	1	1	1	1	1	1	1	1	1	1	1	1	0	0	1	1	1	1	1	1	1	1	1	1	1	51	52	53	54	55	56	57	58	59	60	61	62	63	65	66	67	68	69	70	71	72	73	74	75	76	76	76	77	78	79	80	81	84	85	86	86	86	86	86	86	87	88	89	90	91	92	93	94	95	96	97	98	99	100	100	100	101	102	103	104	105	106	107	108	109	110	111
1	1	1	1	1	1	1	1	1	1	1	1	1	1	1	1	1	1	1	1	1	1	1	1	1	1	1	1	1	1	1	1	1	1	1	1	1	0	0	1	1	1	1	1	1	1	1	1	1	1	1	1	1	1	0	0	1	1	1	1	1	1	1	1	1	1	0	51	52	53	54	55	56	57	58	59	60	61	62	63	65	66	67	68	69	70	71	72	73	74	75	76	77	78	79	80	81	82	83	85	86	87	88	89	89	89	90	91	92	93	94	95	96	97	98	99	100	101	102	103	104	104	104	105	106	107	108	109	110	111	112	113	114	166
1	1	1	1	1	1	1	1	1	1	1	1	1	1	1	1	1	1	1	1	1	1	1	1	1	1	0	1	1	1	1	1	1	1	1	0	0	1	1	1	1	1	1	1	1	1	1	1	1	1	1	1	1	1	0	0	1	1	1	1	1	1	1	1	1	1	1	51	52	53	54	55	56	57	58	59	60	61	62	63	65	66	67	68	69	70	71	72	73	74	75	76	86	86	84	74	85	85	85	87	87	88	89	78	79	79	79	87	88	89	90	91	92	93	94	95	96	97	98	99	100	100	100	101	102	103	104	105	106	107	108	109	110	111
1	1	1	1	1	1	1	1	1	1	1	1	1	1	1	1	1	1	1	1	1	1	1	1	1	1	1	1	1	1	1	1	1	1	1	1	1	0	0	1	1	1	1	1	1	1	1	1	1	1	1	1	1	1	0	0	1	1	1	1	1	1	1	1	1	1	0	51	52	53	54	55	56	57	58	59	60	61	62	63	65	66	67	68	69	70	71	72	73	74	75	76	77	78	79	80	81	82	83	85	86	87	88	89	89	89	90	91	92	93	94	95	96	97	98	99	100	101	102	103	104	104	104	105	106	107	108	109	110	111	112	113	114	166
1	1	1	1	1	1	1	1	1	1	1	1	1	1	1	1	1	1	1	1	1	1	1	1	1	1	1	1	1	1	0	1	1	1	0	0	0	0	0	0	1	1	1	1	1	1	1	1	1	1	1	1	1	1	0	0	1	1	1	1	1	1	1	1	1	1	1	51	52	53	54	55	56	57	58	59	60	61	62	63	65	66	67	68	69	70	71	72	73	74	75	76	77	78	79	80	81	81	82	84	85	83	86	86	86	86	86	87	88	89	90	91	92	93	94	95	96	97	98	99	100	100	100	101	102	103	104	105	106	107	108	109	110	111
1	1	1	1	1	1	1	1	1	1	1	1	1	1	1	1	1	1	1	1	1	1	1	1	0	1	1	1	1	1	1	1	1	0	0	1	1	1	1	0	0	1	1	1	1	1	1	1	1	1	1	1	1	1	1	1	1	1	1	1	1	1	1	1	1	1	0	51	52	53	54	55	56	57	58	59	60	61	63	64	65	66	67	68	69	70	71	72	73	74	75	75	76	77	78	79	80	81	83	84	84	84	85	86	87	88	88	88	89	90	91	92	93	94	95	96	97	98	99	100	101	102	103	104	105	106	107	108	109	110	111	112	113	165
1	1	1	1	1	1	1	1	1	1	1	1	1	1	1	1	1	1	1	1	1	1	1	1	1	1	1	1	1	1	1	1	1	0	1	0	1	0	0	1	1	1	1	1	1	1	1	1	1	1	1	1	1	1	0	0	1	1	1	1	1	1	1	1	1	1	1	51	52	53	54	55	56	57	58	59	60	61	62	63	65	66	67	68	69	70	71	72	73	74	75	76	77	78	91	80	81	90	83	85	93	73	91	92	89	89	90	91	92	93	94	95	96	97	98	99	100	101	102	103	104	104	104	105	106	107	108	109	110	111	112	113	114	115
1	1	1	1	1	1	1	1	1	1	1	1	1	1	1	1	1	1	1	1	1	1	1	1	1	1	1	1	1	1	0	1	1	1	1	0	0	0	0	0	1	1	1	1	1	1	1	1	1	1	1	1	1	1	0	0	1	1	1	1	1	1	1	1	1	1	0	51	52	53	54	55	56	57	58	59	60	61	62	63	65	66	67	68	69	70	71	72	73	74	75	76	77	78	79	80	81	81	82	84	85	86	86	86	86	86	86	87	88	89	90	91	92	93	94	95	96	97	98	99	100	100	100	101	102	103	104	105	106	107	108	109	110	162
1	1	1	1	1	1	1	1	1	1	1	1	1	1	1	1	1	1	1	1	1	1	1	1	1	1	1	1	1	1	1	1	1	1	1	1	1	0	0	1	1	1	1	1	1	1	1	1	1	1	1	1	1	1	0	0	1	1	1	1	1	1	1	1	1	1	0	51	52	53	54	55	56	57	58	59	60	61	62	63	65	66	67	68	69	70	71	72	73	74	75	76	77	78	79	80	81	82	83	85	86	87	88	89	89	89	90	91	92	93	94	95	96	97	98	99	100	101	102	103	104	104	104	105	106	107	108	109	110	111	112	113	114	166
1	1	1	1	1	1	1	1	1	1	1	1	1	1	1	1	1	1	1	1	1	1	1	1	0	0	0	0	0	0	0	0	0	0	1	0	0	0	1	0	1	1	1	1	1	1	1	1	1	1	1	1	1	1	0	0	1	1	1	1	1	1	1	1	1	1	1	51	52	53	54	55	56	57	58	59	60	61	62	63	65	66	67	68	69	70	71	72	73	74	75	75	75	75	75	75	76	76	76	76	92	93	93	93	94	78	80	81	82	93	94	95	96	97	98	99	100	101	102	103	104	104	104	105	106	107	108	109	110	111	112	113	114	115
1	1	1	1	1	1	1	1	1	1	1	1	1	1	1	1	1	1	1	1	1	1	1	1	1	1	1	1	1	1	1	1	1	1	1	1	1	0	0	1	1	1	1	1	1	1	1	1	1	1	1	1	1	1	0	0	1	1	1	1	1	1	1	1	1	1	1	51	52	53	54	55	56	57	58	59	60	61	62	63	65	66	67	68	69	70	71	72	73	74	75	76	77	78	79	80	81	82	83	85	86	87	88	89	89	89	90	91	92	93	94	95	96	97	98	99	100	101	102	103	104	104	104	105	106	107	108	109	110	111	112	113	114	115
1	1	1	1	1	1	1	1	1	1	1	1	1	1	1	1	1	1	1	1	1	1	1	1	1	1	1	1	1	1	0	1	1	1	1	0	0	0	0	0	1	1	1	1	1	1	1	1	1	1	1	1	1	1	0	0	1	1	1	1	1	1	1	1	1	1	1	51	52	53	54	55	56	57	58	59	60	61	62	63	65	66	67	68	69	70	71	72	73	74	75	76	77	78	79	80	81	81	82	84	85	86	86	86	86	86	86	87	88	89	90	91	92	93	94	95	96	97	98	99	100	100	100	101	102	103	104	105	106	107	108	109	110	111
1	1	1	1	1	1	1	1	1	1	1	1	1	1	1	1	1	1	1	1	1	1	1	1	1	1	1	1	1	1	0	0	1	1	1	1	1	1	1	1	1	1	1	1	1	1	1	1	1	1	1	1	1	1	1	1	1	1	1	1	1	1	1	1	1	1	0	51	52	53	54	55	56	57	58	59	60	61	62	63	64	65	66	67	68	69	70	71	72	73	74	76	77	78	79	80	81	81	81	82	83	84	86	87	88	89	90	91	92	93	94	95	96	97	98	99	100	101	102	103	104	105	106	107	108	109	110	111	112	113	114	115	116	168
1	1	1	1	1	1	1	1	0	0	0	1	1	1	1	1	1	1	1	1	0	0	1	0	1	1	0	1	1	0	1	1	0	1	1	0	0	0	1	0	1	1	1	1	1	1	1	1	1	1	1	1	1	1	1	1	1	0	0	1	1	1	1	1	1	1	1	4	5	6	7	8	9	10	11	11	18	11	16	14	21	19	20	21	13	14	24	24	25	28	33	32	35	35	35	35	35	28	39	39	40	40	40	31	32	41	41	42	39	40	43	44	45	46	47	48	49	50	51	52	53	54	55	56	56	56	57	58	59	60	61	62	63	64
1	1	1	1	1	1	1	1	1	1	1	1	1	1	1	1	1	1	1	1	1	1	1	1	1	0	0	1	1	1	1	1	1	1	1	0	0	0	0	0	1	1	1	1	1	1	1	1	1	1	1	1	1	1	0	0	1	1	1	1	1	1	1	1	1	1	1	51	52	53	54	55	56	57	58	59	60	61	62	63	65	66	67	68	69	70	71	72	73	74	75	76	76	76	77	78	79	80	81	84	85	86	86	86	86	86	86	87	88	89	90	91	92	93	94	95	96	97	98	99	100	100	100	101	102	103	104	105	106	107	108	109	110	111
1	1	1	1	1	1	1	1	1	1	1	1	1	1	1	1	1	1	1	1	1	1	1	1	1	1	1	1	1	1	1	0	1	1	1	1	1	1	1	1	1	1	1	1	1	1	1	1	1	1	1	1	1	1	1	1	1	1	1	1	1	1	1	1	1	1	0	51	52	53	54	55	56	57	58	59	61	62	63	64	65	66	67	68	69	70	71	72	73	74	75	76	77	78	79	80	81	82	82	84	85	86	87	88	89	89	90	91	92	93	94	95	96	97	98	99	100	101	102	103	104	105	106	107	108	109	110	111	112	113	114	115	116	168
1	1	1	1	1	1	1	1	1	1	1	1	1	1	1	1	1	1	1	1	1	1	1	1	1	0	0	1	1	0	0	1	0	1	1	0	0	0	0	0	0	0	1	1	1	1	1	1	1	1	1	1	1	1	0	0	1	1	1	1	1	1	1	1	1	1	1	51	52	53	54	55	56	57	58	59	60	61	62	63	65	66	67	68	69	70	71	72	73	74	75	76	76	76	77	78	73	73	74	74	85	86	86	86	86	86	82	85	86	89	90	91	92	93	94	95	96	97	98	99	100	100	100	101	102	103	104	105	106	107	108	109	110	111
1	1	1	1	1	1	1	1	1	1	1	1	1	1	1	1	1	1	1	1	1	1	1	1	1	1	1	1	1	1	0	0	1	1	1	0	0	0	0	0	1	1	1	1	1	1	1	1	1	1	1	1	1	1	0	0	1	1	1	1	1	1	1	1	1	1	1	51	52	53	54	55	56	57	58	59	60	61	62	63	65	66	67	68	69	70	71	72	73	74	75	76	77	78	83	84	85	84	85	86	87	88	86	86	86	86	86	87	88	89	90	91	92	93	94	95	96	97	98	99	100	100	100	101	102	103	104	105	106	107	108	109	110	111
